# optimized from harmonic_dead.txt on 2026-01-02T15:29:09
# original_taps=777 new_taps=777
# scale_factor=0.447093811449 # comp_db=6.992
-6.03759019352e-08
-5.89283178045e-08
-5.87638111486e-08
-5.69756541465e-08
-5.54535753655e-08
-5.33454942176e-08
-5.12886727559e-08
-4.88725482179e-08
-4.64265058876e-08
-4.37159462946e-08
-4.09403719887e-08
-3.79497848592e-08
-3.48768197277e-08
-3.16165552765e-08
-2.82745110546e-08
-2.47703304145e-08
-2.11867217503e-08
-1.74619194932e-08
-1.36633067724e-08
-9.74892794852e-09
-5.77235483506e-09
-1.70485318706e-09
2.41032756198e-09
6.59453890039e-09
1.07992473119e-08
1.50463975341e-08
1.92939119133e-08
2.35553972351e-08
2.77836454257e-08
3.19947119385e-08
3.61423088337e-08
4.02352799612e-08
4.422536554e-08
4.81329987796e-08
5.19062393352e-08
5.55498743404e-08
5.90217480664e-08
6.2322602973e-08
6.54182002817e-08
6.82940608269e-08
7.09272230715e-08
7.33084105982e-08
7.54058645817e-08
7.72121825497e-08
7.86947338116e-08
7.98566046766e-08
8.06693263433e-08
8.11257889399e-08
8.12060729791e-08
8.09108192911e-08
8.02204112655e-08
7.91397378328e-08
7.76498996454e-08
7.5764972402e-08
7.34773116247e-08
7.07919614868e-08
6.77177173064e-08
6.426626288e-08
6.04387724744e-08
5.62692701027e-08
5.17672777165e-08
4.69596319438e-08
4.18644972531e-08
3.65281323695e-08
3.09701108885e-08
2.52310796126e-08
1.93574559956e-08
1.33933706105e-08
7.37096839665e-09
1.35694518646e-09
-4.61154611067e-09
-1.04619109964e-08
-1.61575719438e-08
-2.16206312699e-08
-2.68025805984e-08
-3.16389736784e-08
-3.60760724505e-08
-4.00314589069e-08
-4.34587422517e-08
-4.62911814519e-08
-4.84639207147e-08
-4.99200850361e-08
-5.05973425389e-08
-5.04425352012e-08
-4.94044089901e-08
-4.74271429135e-08
-4.44648271385e-08
-4.04667089397e-08
-3.54162356172e-08
-2.92546118617e-08
-2.19649525285e-08
-1.35203920685e-08
-3.90486909064e-09
6.8980580767e-09
1.88948922621e-08
3.20737541376e-08
4.64441777108e-08
6.19864232072e-08
7.86888248139e-08
9.65216982916e-08
1.15452933113e-07
1.35446812549e-07
1.56465250481e-07
1.78457071237e-07
2.0136824472e-07
2.25150028601e-07
2.4974155768e-07
2.75077300081e-07
3.01089408215e-07
3.27704990502e-07
3.54858904444e-07
3.82492025899e-07
4.10512201423e-07
4.38853614298e-07
4.67449092332e-07
4.96238010781e-07
5.25137412775e-07
5.5409201317e-07
5.8304769048e-07
6.11934024686e-07
6.40704445746e-07
6.69319903868e-07
6.9771972383e-07
7.25874815523e-07
7.53745988296e-07
7.81327726564e-07
8.0856812787e-07
8.35461543308e-07
8.61978575619e-07
8.88130533112e-07
9.13901891947e-07
9.39287853466e-07
9.64276235697e-07
9.88861940366e-07
1.01306090064e-06
1.03682806771e-06
1.06017941258e-06
1.08309709143e-06
1.10554096631e-06
1.1274915428e-06
1.14890622834e-06
1.16971974961e-06
1.18985587184e-06
1.20924381015e-06
1.22775641549e-06
1.24528483966e-06
1.26167760767e-06
1.27673865268e-06
1.2902877657e-06
1.30209944249e-06
1.31188270784e-06
1.31939445363e-06
1.32425936295e-06
1.32614833084e-06
1.32466177575e-06
1.31938010832e-06
1.30980996917e-06
1.29548608445e-06
1.27585049094e-06
1.25035544091e-06
1.2183561635e-06
1.17923835182e-06
1.13233961668e-06
1.0769349807e-06
1.0123267047e-06
9.37771020652e-07
8.52459603079e-07
7.55666663058e-07
6.46546949712e-07
5.24319935931e-07
3.88199715096e-07
2.37353045679e-07
7.10203867795e-08
-1.11584049735e-07
-3.11208059198e-07
-5.28542901199e-07
-7.64318255886e-07
-1.01912242224e-06
-1.29357785647e-06
-1.58818046427e-06
-1.90337217213e-06
-2.23956576558e-06
-2.59703078953e-06
-2.97595890832e-06
-3.37645399385e-06
-3.79849162342e-06
-4.24197449643e-06
-4.70660347894e-06
-5.19201957207e-06
-5.69771948091e-06
-6.22302198844e-06
-6.76709156803e-06
-7.32899706434e-06
-7.90759503436e-06
-8.50159596899e-06
-9.10953704105e-06
-9.7298434616e-06
-1.03606908225e-05
-1.10001349734e-05
-1.16460437259e-05
-1.22961840346e-05
-1.29480311584e-05
-1.35990262452e-05
-1.42463846795e-05
-1.48872352471e-05
-1.55184763879e-05
-1.61369401981e-05
-1.67393251947e-05
-1.73222376999e-05
-1.78820979794e-05
-1.84153089917e-05
-1.89181904567e-05
-1.93869961237e-05
-1.9817871383e-05
-2.02070293887e-05
-2.05505787096e-05
-2.08446751534e-05
-2.10854539889e-05
-2.12691865073e-05
-2.13920498912e-05
-2.1450392419e-05
-2.14406409261e-05
-2.13593226167e-05
-2.12030528265e-05
-2.09687281072e-05
-2.06532572771e-05
-2.02538183832e-05
-1.9767758427e-05
-1.91927330534e-05
-1.85265556763e-05
-1.77672755346e-05
-1.69132886131e-05
-1.59632429313e-05
-1.49160910011e-05
-1.37711132807e-05
-1.25278501351e-05
-1.11862753605e-05
-9.74663976836e-06
-8.20955290408e-06
-6.57600779801e-06
-4.84734111095e-06
-3.02525786391e-06
-1.11182091209e-06
8.9052463476e-07
2.97896150475e-06
5.15037201704e-06
7.40115913918e-06
9.72750882375e-06
1.21252125822e-05
1.45896757421e-05
1.71160274493e-05
1.96990995118e-05
2.23333757377e-05
2.50131349326e-05
2.7732268564e-05
3.0484558654e-05
3.32633940859e-05
3.60620899497e-05
3.887366347e-05
4.1691022617e-05
4.45068147773e-05
4.73136795413e-05
5.01040671515e-05
5.28702864769e-05
5.56046665076e-05
5.829939977e-05
6.09466700261e-05
6.35386344441e-05
6.60675200896e-05
6.85254284712e-05
7.09046452648e-05
7.31974088676e-05
7.53961168471e-05
7.74931640345e-05
7.94811141579e-05
8.13526462281e-05
8.31004743638e-05
8.47175463711e-05
8.61969648733e-05
8.75318953871e-05
8.8715741205e-05
8.97420893856e-05
9.0604591003e-05
9.12972393541e-05
9.18140643442e-05
9.21493369927e-05
9.22974854752e-05
9.22531893922e-05
9.20112181088e-05
9.15666050148e-05
9.09144405416e-05
9.00501233668e-05
8.89691201445e-05
8.76671362147e-05
8.61399126845e-05
8.4383474338e-05
8.23939656933e-05
8.01676279676e-05
7.77009041467e-05
7.49903004816e-05
7.20325313648e-05
6.88243777455e-05
6.53627947186e-05
6.16448873055e-05
5.76678204444e-05
5.34289129117e-05
4.89256264852e-05
4.41556215917e-05
3.91165453982e-05
3.38063276792e-05
2.82230093669e-05
2.23647977733e-05
1.62300556282e-05
9.81735661116e-06
3.12547496079e-06
-3.84659938089e-06
-1.10996714786e-05
-1.86342027045e-05
-2.6450526614e-05
-3.45485867863e-05
-4.2927988315e-05
-5.15881442521e-05
-6.05279182045e-05
-6.97458947582e-05
-7.92403076462e-05
-8.90088148654e-05
-9.9048717056e-05
-0.000109356773828
-0.000119929339766
-0.000130762094879
-0.000141850267156
-0.000153188401756
-0.000164770584966
-0.000176590130525
-0.000188639801899
-0.000200911626192
-0.000213397075104
-0.000226086793238
-0.000238970822274
-0.000252038414804
-0.000265278130809
-0.00027867782351
-0.000292224650959
-0.000305904932693
-0.000319704420939
-0.000333608071658
-0.00034760018707
-0.00036166431661
-0.000375783444214
-0.000389939846638
-0.000404115238318
-0.000418290761017
-0.000432446956159
-0.000446563882662
-0.000460621138343
-0.000474597935422
-0.000488472986256
-0.000502224846979
-0.000515831671207
-0.000529271422823
-0.000542521894063
-0.00055556087503
-0.00056836595422
-0.000580914861984
-0.000593185404227
-0.000605155500275
-0.000616803335386
-0.000628107399997
-0.000639046465
-0.000649599843104
-0.000659747275461
-0.000669469059886
-0.000678746159502
-0.000687560242141
-0.000695893655154
-0.000703729687188
-0.000711052408977
-0.000717846845569
-0.000724099084051
-0.000729796088332
-0.00073492611861
-0.000739478366724
-0.000743443285678
-0.000746812581158
-0.000749579049757
-0.00075173687911
-0.00075328148888
-0.000754209561669
0.5
-0.000754209561698
-0.000753281488865
-0.00075173687912
-0.00074957904975
-0.000746812581163
-0.000743443285674
-0.000739478366728
-0.000734926118606
-0.000729796088335
-0.000724099084049
-0.000717846845571
-0.000711052408975
-0.00070372968719
-0.000695893655152
-0.000687560242143
-0.0006787461595
-0.000669469059887
-0.000659747275459
-0.000649599843106
-0.000639046464998
-0.000628107399998
-0.000616803335385
-0.000605155500277
-0.000593185404226
-0.000580914861985
-0.000568365954219
-0.000555560875031
-0.000542521894062
-0.000529271422824
-0.000515831671206
-0.00050222484698
-0.000488472986255
-0.000474597935423
-0.000460621138343
-0.000446563882663
-0.000432446956158
-0.000418290761018
-0.000404115238317
-0.000389939846639
-0.000375783444213
-0.000361664316611
-0.000347600187069
-0.000333608071659
-0.000319704420938
-0.000305904932693
-0.000292224650958
-0.000278677823511
-0.000265278130808
-0.000252038414805
-0.000238970822274
-0.000226086793238
-0.000213397075103
-0.000200911626193
-0.000188639801898
-0.000176590130526
-0.000164770584965
-0.000153188401757
-0.000141850267155
-0.00013076209488
-0.000119929339766
-0.000109356773828
-9.90487170558e-05
-8.90088148662e-05
-7.9240307645e-05
-6.97458947588e-05
-6.05279182045e-05
-5.15881442527e-05
-4.29279883146e-05
-3.45485867866e-05
-2.64505266134e-05
-1.86342027048e-05
-1.10996714779e-05
-3.84659938132e-06
3.125474961e-06
9.81735661097e-06
1.62300556283e-05
2.23647977729e-05
2.82230093669e-05
3.38063276791e-05
3.91165453986e-05
4.41556215915e-05
4.89256264857e-05
5.3428912911e-05
5.76678204449e-05
6.1644887305e-05
6.53627947191e-05
6.88243777451e-05
7.20325313649e-05
7.49903004817e-05
7.77009041471e-05
8.01676279675e-05
8.23939656933e-05
8.43834743378e-05
8.61399126847e-05
8.76671362145e-05
8.89691201446e-05
9.00501233663e-05
9.0914440542e-05
9.15666050145e-05
9.20112181092e-05
9.22531893918e-05
9.22974854754e-05
9.21493369924e-05
9.18140643447e-05
9.12972393538e-05
9.06045910029e-05
8.97420893855e-05
8.87157412053e-05
8.75318953873e-05
8.61969648732e-05
8.47175463707e-05
8.31004743644e-05
8.13526462279e-05
7.94811141577e-05
7.74931640348e-05
7.53961168469e-05
7.31974088677e-05
7.09046452647e-05
6.85254284713e-05
6.60675200893e-05
6.35386344441e-05
6.09466700262e-05
5.82993997699e-05
5.56046665076e-05
5.28702864767e-05
5.01040671516e-05
4.73136795413e-05
4.45068147778e-05
4.16910226169e-05
3.887366347e-05
3.60620899495e-05
3.32633940862e-05
3.04845586537e-05
2.77322685642e-05
2.50131349321e-05
2.23333757382e-05
1.96990995117e-05
1.71160274493e-05
1.45896757421e-05
1.2125212582e-05
9.72750882398e-06
7.40115913911e-06
5.15037201709e-06
2.97896150483e-06
8.90524634594e-07
-1.11182091159e-06
-3.0252578644e-06
-4.84734111058e-06
-6.57600779858e-06
-8.20955290365e-06
-9.74663976836e-06
-1.11862753607e-05
-1.2527850135e-05
-1.3771113281e-05
-1.49160910009e-05
-1.59632429313e-05
-1.69132886133e-05
-1.77672755345e-05
-1.85265556766e-05
-1.91927330527e-05
-1.97677584273e-05
-2.02538183828e-05
-2.06532572777e-05
-2.09687281073e-05
-2.1203052826e-05
-2.1359322617e-05
-2.14406409259e-05
-2.14503924197e-05
-2.1392049891e-05
-2.12691865065e-05
-2.10854539896e-05
-2.08446751524e-05
-2.05505787128e-05
-2.02070293848e-05
-1.98178713831e-05
-1.93869961265e-05
-1.89181904568e-05
-1.84153089877e-05
-1.78820979826e-05
-1.73222376989e-05
-1.67393251955e-05
-1.61369401973e-05
-1.55184763875e-05
-1.48872352483e-05
-1.42463846789e-05
-1.35990262456e-05
-1.29480311576e-05
-1.22961840348e-05
-1.16460437263e-05
-1.10001349731e-05
-1.03606908229e-05
-9.72984346084e-06
-9.10953704166e-06
-8.50159596899e-06
-7.90759503448e-06
-7.32899706423e-06
-6.76709156773e-06
-6.22302198875e-06
-5.69771948087e-06
-5.19201957196e-06
-4.70660347887e-06
-4.24197449632e-06
-3.79849162372e-06
-3.37645399371e-06
-2.97595890848e-06
-2.59703078931e-06
-2.23956576563e-06
-1.90337217217e-06
-1.5881804642e-06
-1.29357785651e-06
-1.01912242219e-06
-7.64318255996e-07
-5.28542901402e-07
-3.11208058978e-07
-1.11584049823e-07
7.10203869816e-08
2.3735304548e-07
3.88199715312e-07
5.24319935873e-07
6.46546949721e-07
7.5566666304e-07
8.5245960287e-07
9.37771020849e-07
1.01232670452e-06
1.07693498089e-06
1.13233961675e-06
1.17923835148e-06
1.21835616371e-06
1.25035544067e-06
1.27585049136e-06
1.29548608406e-06
1.30980996947e-06
1.31938010805e-06
1.32466177596e-06
1.3261483308e-06
1.324259363e-06
1.31939445346e-06
1.31188270801e-06
1.30209944251e-06
1.29028776561e-06
1.27673865254e-06
1.26167760793e-06
1.24528483946e-06
1.2277564157e-06
1.20924381004e-06
1.18985587187e-06
1.16971974961e-06
1.14890622823e-06
1.12749154293e-06
1.10554096627e-06
1.08309709141e-06
1.06017941258e-06
1.03682806772e-06
1.01306090076e-06
9.88861940278e-07
9.64276235795e-07
9.39287853383e-07
9.1390189202e-07
8.88130533093e-07
8.61978575601e-07
8.35461543274e-07
8.08568127881e-07
7.81327726568e-07
7.53745988408e-07
7.25874815418e-07
6.97719723811e-07
6.69319903864e-07
6.40704445787e-07
6.11934024658e-07
5.83047690398e-07
5.54092013179e-07
5.25137412869e-07
4.96238010851e-07
4.67449092319e-07
4.38853614198e-07
4.10512201458e-07
3.82492025854e-07
3.54858904583e-07
3.27704990401e-07
3.01089408194e-07
2.75077300085e-07
2.49741557823e-07
2.25150028608e-07
2.01368244609e-07
1.78457071125e-07
1.56465250492e-07
1.35446812746e-07
1.15452932987e-07
9.65216983957e-08
7.86888248554e-08
6.19864231045e-08
4.64441777098e-08
3.20737541473e-08
1.88948922469e-08
6.89805812325e-09
-3.90486912453e-09
-1.35203920078e-08
-2.19649526534e-08
-2.92546117888e-08
-3.54162356522e-08
-4.04667089125e-08
-4.44648270908e-08
-4.74271429697e-08
-4.94044089878e-08
-5.04425352671e-08
-5.0597342424e-08
-4.99200851321e-08
-4.84639206985e-08
-4.62911814918e-08
-4.34587422236e-08
-4.00314588596e-08
-3.60760725218e-08
-3.16389736595e-08
-2.680258059e-08
-2.16206312636e-08
-1.61575719275e-08
-1.04619110513e-08
-4.61154609715e-09
1.35694517838e-09
7.37096845753e-09
1.33933706107e-08
1.93574559799e-08
2.52310796053e-08
3.09701109084e-08
3.65281323831e-08
4.186449724e-08
4.69596318693e-08
5.17672777693e-08
5.6269270097e-08
6.04387725214e-08
6.42662628689e-08
6.77177172744e-08
7.07919615e-08
7.3477311608e-08
7.57649724201e-08
7.76498996056e-08
7.91397377977e-08
8.02204112771e-08
8.09108193326e-08
8.12060730379e-08
8.11257888562e-08
8.06693263772e-08
7.9856604672e-08
7.86947338714e-08
7.7212182478e-08
7.54058644736e-08
7.33084105491e-08
7.09272232242e-08
6.82940610682e-08
6.54182002738e-08
6.23226025899e-08
5.90217484035e-08
5.55498739431e-08
5.19062393582e-08
4.81329989818e-08
4.42253657185e-08
4.02352799144e-08
3.61423087093e-08
3.19947118908e-08
2.77836454631e-08
2.35553972787e-08
1.92939118568e-08
1.5046397533e-08
1.07992473348e-08
6.59453895912e-09
2.41032759588e-09
-1.704853246e-09
-5.77235486994e-09
-9.74892797534e-09
-1.36633067202e-08
-1.74619195123e-08
-2.11867217559e-08
-2.47703304244e-08
-2.82745110237e-08
-3.16165552431e-08
-3.48768197585e-08
-3.79497848812e-08
-4.09403719905e-08
-4.37159462997e-08
-4.64265058698e-08
-4.88725482385e-08
-5.12886727551e-08
-5.33454942086e-08
-5.54535753517e-08
-5.69756541364e-08
-5.8763811172e-08
-5.89283178199e-08
-6.03759019303e-08
