# optimized from harmonic_med.txt on 2026-01-02T15:29:09
# original_taps=777 new_taps=777
# scale_factor=0.404298813223 # comp_db=7.866
-9.38182410332e-08
-9.11409375763e-08
-9.0494111784e-08
-8.73305656334e-08
-8.46217382837e-08
-8.10249153978e-08
-7.75356265683e-08
-7.35188931621e-08
-6.94881594505e-08
-6.5073595843e-08
-6.05852432732e-08
-5.57890405788e-08
-5.08949979073e-08
-4.57429141892e-08
-4.04825668193e-08
-3.50001995749e-08
-2.94127421116e-08
-2.36353047388e-08
-1.7764309308e-08
-1.17350907898e-08
-5.63113014163e-09
6.00093118237e-10
6.88321595491e-09
1.32559998966e-08
1.96507061178e-08
2.60984666522e-08
3.25338559156e-08
3.8976617684e-08
4.53679387475e-08
5.17203131296e-08
5.79766383095e-08
6.41407393351e-08
7.01444557574e-08
7.60220437646e-08
8.16990203995e-08
8.71738082784e-08
9.23937540617e-08
9.73553843089e-08
1.02002081772e-07
1.0633261143e-07
1.10293149657e-07
1.13874608933e-07
1.17029357129e-07
1.19752022851e-07
1.21994107475e-07
1.237510931e-07
1.24977384019e-07
1.25677905688e-07
1.25806883831e-07
1.25371392286e-07
1.24338245811e-07
1.22709598831e-07
1.20461274272e-07
1.17612579633e-07
1.14136782216e-07
1.10062803237e-07
1.05375612152e-07
1.00101215239e-07
9.42510175614e-08
8.78537953589e-08
8.09259317937e-08
7.3504606862e-08
6.56256981749e-08
5.73416280464e-08
4.86793421536e-08
3.97130758546e-08
3.04869785355e-08
2.10757043986e-08
1.15428683917e-08
1.95953672363e-09
-7.59125944623e-09
-1.7030501548e-08
-2.62719310635e-08
-3.52165729042e-08
-4.37864025742e-08
-5.18678398564e-08
-5.93742506801e-08
-6.61887829531e-08
-7.22342071041e-08
-7.73797606606e-08
-8.15392680342e-08
-8.46060426133e-08
-8.64667750585e-08
-8.70337928318e-08
-8.61999437376e-08
-8.3865055262e-08
-7.99498707219e-08
-7.43493658948e-08
-6.69939288911e-08
-5.77891008263e-08
-4.66692205889e-08
-3.35666778157e-08
-1.8421714641e-08
-1.17427463124e-09
1.82206341169e-08
3.97917516975e-08
6.3570012337e-08
8.95966928359e-08
1.17860030902e-07
1.48381287597e-07
1.81146794782e-07
2.16156188348e-07
2.53364003334e-07
2.92770995545e-07
3.34306941865e-07
3.77946867615e-07
4.2362914707e-07
4.71292625766e-07
5.20875650764e-07
5.72288465524e-07
6.25458983926e-07
6.80305445082e-07
7.36717101566e-07
7.946201662e-07
8.53902634405e-07
9.14460839604e-07
9.76181522794e-07
1.03896983659e-06
1.10270243639e-06
1.16726395987e-06
1.2325408809e-06
1.29842880983e-06
1.36478363901e-06
1.43150159472e-06
1.49846101211e-06
1.56553840323e-06
1.6325915283e-06
1.69950992632e-06
1.76613867836e-06
1.83237577638e-06
1.8980572724e-06
1.96303020592e-06
2.02714689555e-06
2.09025585158e-06
2.15216303706e-06
2.21269305443e-06
2.27163944205e-06
2.3287889831e-06
2.38390856473e-06
2.43675693975e-06
2.48705983661e-06
2.53450650642e-06
2.57877704783e-06
2.61953990901e-06
2.65640008058e-06
2.68894832399e-06
2.71673631805e-06
2.73929949262e-06
2.75610542268e-06
2.76658706402e-06
2.77017922681e-06
2.76620735456e-06
2.75402656735e-06
2.73287898011e-06
2.70201987036e-06
2.66064876619e-06
2.60790218656e-06
2.54288840426e-06
2.46469673385e-06
2.37234177514e-06
2.26481422731e-06
2.14111638881e-06
2.0001575759e-06
1.84086945374e-06
1.66213063715e-06
1.46284064725e-06
1.24186362177e-06
9.98086739536e-07
7.30363690861e-07
4.37607478299e-07
1.18718353984e-07
-2.27375185252e-07
-6.01664851744e-07
-1.00516294772e-06
-1.4387422624e-06
-1.90327241624e-06
-2.39953030736e-06
-2.92817398766e-06
-3.48979721744e-06
-4.08484670124e-06
-4.71369673392e-06
-5.37652714595e-06
-6.07341613947e-06
-6.80425558751e-06
-7.56878581813e-06
-8.36658881534e-06
-9.19700508392e-06
-1.00592238235e-05
-1.09522198188e-05
-1.18747048314e-05
-1.28252228495e-05
-1.38020625561e-05
-1.48032736106e-05
-1.58266925789e-05
-1.68698465826e-05
-1.79300844502e-05
-1.90044465349e-05
-2.00897440448e-05
-2.11825535129e-05
-2.22791692287e-05
-2.33756626336e-05
-2.44678563912e-05
-2.55513432993e-05
-2.66214808284e-05
-2.76734344465e-05
-2.87021063148e-05
-2.97022919998e-05
-3.06685201423e-05
-3.15952107169e-05
-3.24766068609e-05
-3.33068660849e-05
-3.4080018665e-05
-3.47899399387e-05
-3.54305708045e-05
-3.59957023476e-05
-3.64791514182e-05
-3.6874735526e-05
-3.71763324884e-05
-3.73778316075e-05
-3.74732676297e-05
-3.74567743743e-05
-3.73225962885e-05
-3.70652167371e-05
-3.6679297669e-05
-3.61596843435e-05
-3.55015904981e-05
-3.4700438535e-05
-3.37519677318e-05
-3.26523475667e-05
-3.13980116275e-05
-2.99858736536e-05
-2.84132399593e-05
-2.66778692101e-05
-2.47779902161e-05
-2.27123102047e-05
-2.04800308093e-05
-1.80809377053e-05
-1.55153111205e-05
-1.27839848805e-05
-9.88839504746e-06
-6.83047210352e-06
-3.61282896551e-06
-2.3862394886e-07
3.28838984245e-06
6.96392199391e-06
1.07829517644e-05
1.47400434631e-05
1.88290397736e-05
2.30432646536e-05
2.7375475786e-05
3.18178967742e-05
3.63622001242e-05
4.09995106504e-05
4.57204483561e-05
5.05151933061e-05
5.53734422571e-05
6.02844124065e-05
6.52369568997e-05
7.02195312337e-05
7.52201894984e-05
8.02266528548e-05
8.52263601366e-05
9.02064805777e-05
9.51538724687e-05
0.000100055220625
0.000104897028739
0.000109665600976
0.000114347131018
0.000118927717077
0.00012339332272
0.000127729954583
0.00013192355931
0.000135960140479
0.000139825621101
0.000143506156925
0.000146987836998
0.000150256966454
0.000153299928925
0.000156103308082
0.000158653781702
0.000160938310294
0.000162943998177
0.000164658216436
0.000166068563492
0.000167162888254
0.0001679292835
0.000168356177086
0.000168432189671
0.000168146291519
0.000167487769805
0.000166446171408
0.000165011406853
0.00016317366719
0.00016092348621
0.000158251692811
0.000155149508383
0.000151608428751
0.000147620357346
0.000143177483541
0.000138272384029
0.000132897970884
0.000127047554902
0.000120714759808
0.000113893692275
0.000106578676207
9.87646386294e-05
9.04467353355e-05
8.16206290367e-05
7.22824397092e-05
6.24286609058e-05
5.20563278432e-05
4.11629335105e-05
2.97464144199e-05
1.78053225121e-05
5.33873863182e-06
-7.65377701007e-06
-2.11719021543e-05
-3.52148608583e-05
-4.97811779674e-05
-6.48685782124e-05
-8.04743008035e-05
-9.65946939972e-05
-0.000113225350267
-0.000130361187975
-0.000147996127643
-0.00016612336887
-0.000184735139388
-0.000203822860224
-0.000223376931991
-0.000243386785351
-0.000263840898976
-0.000284726694154
-0.000306030552988
-0.000327737870785
-0.000349832879641
-0.000372298740718
-0.000395117521872
-0.00041827021446
-0.000441736672956
-0.0004654955936
-0.000489524570809
-0.000513800194184
-0.000538297833693
-0.000562991815269
-0.000587855441032
-0.000612860932324
-0.000637979529165
-0.000663181512961
-0.000688436189599
-0.000713712070852
-0.000738976740756
-0.000764196998668
-0.000789339004805
-0.000814368182438
-0.000839249411174
-0.000863946969653
-0.00088842476306
-0.000912646352345
-0.000936574982969
-0.000960173614683
-0.000983405310067
-0.00100623294559
-0.00102861956535
-0.00105052832687
-0.00107192277643
-0.00109276672012
-0.00111302457591
-0.00113266128637
-0.00115164239009
-0.00116993437598
-0.001187504514
-0.0012043211293
-0.00122035351263
-0.00123557231525
-0.00124994929778
-0.00126345768444
-0.00127607207206
-0.00128776866293
-0.0012985251727
-0.00130832106225
-0.00131713752515
-0.0013249575165
-0.00133176598142
-0.00133754963982
-0.00134229721492
-0.001345999454
-0.00134864907831
-0.00135024096387
0.5
-0.0013502409639
-0.0013486490783
-0.00134599945401
-0.00134229721492
-0.00133754963983
-0.00133176598141
-0.00132495751651
-0.00131713752515
-0.00130832106225
-0.0012985251727
-0.00128776866293
-0.00127607207205
-0.00126345768444
-0.00124994929778
-0.00123557231526
-0.00122035351263
-0.0012043211293
-0.001187504514
-0.00116993437598
-0.00115164239009
-0.00113266128637
-0.00111302457591
-0.00109276672012
-0.00107192277643
-0.00105052832687
-0.00102861956535
-0.00100623294559
-0.000983405310066
-0.000960173614684
-0.000936574982968
-0.000912646352346
-0.000888424763059
-0.000863946969654
-0.000839249411173
-0.000814368182439
-0.000789339004804
-0.000764196998669
-0.000738976740755
-0.000713712070853
-0.000688436189598
-0.000663181512962
-0.000637979529165
-0.000612860932325
-0.000587855441031
-0.000562991815269
-0.000538297833693
-0.000513800194185
-0.000489524570809
-0.0004654955936
-0.000441736672956
-0.00041827021446
-0.000395117521871
-0.000372298740719
-0.00034983287964
-0.000327737870786
-0.000306030552987
-0.000284726694155
-0.000263840898975
-0.000243386785352
-0.00022337693199
-0.000203822860224
-0.000184735139388
-0.00016612336887
-0.000147996127642
-0.000130361187975
-0.000113225350267
-9.65946939977e-05
-8.04743008032e-05
-6.48685782126e-05
-4.97811779668e-05
-3.52148608586e-05
-2.11719021536e-05
-7.6537770105e-06
5.33873863203e-06
1.7805322512e-05
2.97464144199e-05
4.11629335101e-05
5.20563278432e-05
6.24286609057e-05
7.22824397096e-05
8.16206290365e-05
9.0446735336e-05
9.87646386287e-05
0.000106578676207
0.000113893692275
0.000120714759808
0.000127047554902
0.000132897970885
0.000138272384029
0.000143177483542
0.000147620357346
0.000151608428751
0.000155149508382
0.000158251692811
0.000160923486209
0.000163173667191
0.000165011406853
0.000166446171408
0.000167487769805
0.000168146291519
0.00016843218967
0.000168356177086
0.0001679292835
0.000167162888254
0.000166068563491
0.000164658216436
0.000162943998177
0.000160938310294
0.000158653781702
0.000156103308082
0.000153299928925
0.000150256966455
0.000146987836998
0.000143506156925
0.000139825621101
0.000135960140479
0.000131923559311
0.000127729954583
0.00012339332272
0.000118927717077
0.000114347131018
0.000109665600976
0.000104897028739
0.000100055220625
9.51538724685e-05
9.02064805777e-05
8.52263601366e-05
8.02266528554e-05
7.52201894982e-05
7.02195312337e-05
6.52369568995e-05
6.02844124067e-05
5.53734422568e-05
5.05151933063e-05
4.57204483557e-05
4.09995106509e-05
3.63622001241e-05
3.18178967743e-05
2.7375475786e-05
2.30432646535e-05
1.88290397738e-05
1.47400434631e-05
1.07829517645e-05
6.96392199399e-06
3.28838984228e-06
-2.38623948362e-07
-3.612828966e-06
-6.83047210314e-06
-9.88839504804e-06
-1.278398488e-05
-1.55153111204e-05
-1.80809377056e-05
-2.04800308093e-05
-2.2712310205e-05
-2.47779902158e-05
-2.66778692101e-05
-2.84132399594e-05
-2.99858736535e-05
-3.13980116279e-05
-3.2652347566e-05
-3.37519677321e-05
-3.47004385346e-05
-3.55015904987e-05
-3.61596843435e-05
-3.66792976684e-05
-3.70652167373e-05
-3.73225962883e-05
-3.74567743751e-05
-3.74732676295e-05
-3.73778316067e-05
-3.71763324891e-05
-3.68747355251e-05
-3.64791514214e-05
-3.59957023437e-05
-3.54305708045e-05
-3.47899399416e-05
-3.40800186651e-05
-3.3306866081e-05
-3.24766068641e-05
-3.15952107159e-05
-3.06685201431e-05
-2.9702291999e-05
-2.87021063144e-05
-2.76734344476e-05
-2.66214808278e-05
-2.55513432996e-05
-2.44678563905e-05
-2.33756626339e-05
-2.22791692291e-05
-2.11825535127e-05
-2.00897440452e-05
-1.90044465342e-05
-1.79300844508e-05
-1.68698465826e-05
-1.5826692579e-05
-1.48032736104e-05
-1.38020625557e-05
-1.28252228498e-05
-1.18747048314e-05
-1.09522198187e-05
-1.00592238234e-05
-9.19700508381e-06
-8.36658881564e-06
-7.56878581799e-06
-6.80425558767e-06
-6.07341613925e-06
-5.376527146e-06
-4.71369673395e-06
-4.08484670117e-06
-3.48979721747e-06
-2.92817398762e-06
-2.39953030747e-06
-1.90327241644e-06
-1.43874226218e-06
-1.00516294781e-06
-6.01664851541e-07
-2.27375185451e-07
1.187183542e-07
4.3760747824e-07
7.3036369087e-07
9.98086739517e-07
1.24186362156e-06
1.46284064745e-06
1.66213063697e-06
1.84086945393e-06
2.00015757597e-06
2.14111638848e-06
2.26481422752e-06
2.3723417749e-06
2.46469673427e-06
2.54288840388e-06
2.60790218685e-06
2.66064876592e-06
2.70201987057e-06
2.73287898007e-06
2.7540265674e-06
2.76620735439e-06
2.77017922698e-06
2.76658706403e-06
2.75610542258e-06
2.73929949248e-06
2.71673631831e-06
2.6889483238e-06
2.6564000808e-06
2.6195399089e-06
2.57877704786e-06
2.53450650642e-06
2.48705983648e-06
2.43675693988e-06
2.38390856469e-06
2.32878898308e-06
2.27163944204e-06
2.21269305444e-06
2.15216303717e-06
2.09025585149e-06
2.02714689565e-06
1.96303020583e-06
1.89805727248e-06
1.83237577636e-06
1.76613867834e-06
1.69950992629e-06
1.63259152831e-06
1.56553840323e-06
1.49846101222e-06
1.43150159462e-06
1.36478363899e-06
1.29842880982e-06
1.23254088094e-06
1.16726395984e-06
1.10270243631e-06
1.0389698366e-06
9.76181522887e-07
9.14460839674e-07
8.53902634392e-07
7.94620166098e-07
7.36717101601e-07
6.80305445037e-07
6.25458984065e-07
5.72288465423e-07
5.20875650743e-07
4.7129262577e-07
4.23629147214e-07
3.77946867622e-07
3.34306941756e-07
2.92770995433e-07
2.53364003346e-07
2.16156188545e-07
1.81146794654e-07
1.48381287702e-07
1.17860030944e-07
8.95966927331e-08
6.35700123361e-08
3.97917517073e-08
1.82206341014e-08
-1.17427458479e-09
-1.84217146746e-08
-3.35666777546e-08
-4.66692207139e-08
-5.77891007534e-08
-6.69939289262e-08
-7.43493658675e-08
-7.99498706743e-08
-8.38650553182e-08
-8.61999437349e-08
-8.70337928977e-08
-8.64667749435e-08
-8.46060427092e-08
-8.15392680178e-08
-7.73797607006e-08
-7.22342070765e-08
-6.61887829058e-08
-5.9374250751e-08
-5.18678398373e-08
-4.37864025659e-08
-3.52165728978e-08
-2.62719310469e-08
-1.70305016029e-08
-7.59125943291e-09
1.95953671549e-09
1.15428684512e-08
2.10757043989e-08
3.04869785198e-08
3.97130758474e-08
4.86793421734e-08
5.734162806e-08
6.5625698162e-08
7.35046067874e-08
8.09259318469e-08
8.78537953533e-08
9.42510176084e-08
1.00101215228e-07
1.0537561212e-07
1.10062803251e-07
1.14136782199e-07
1.17612579651e-07
1.20461274232e-07
1.22709598796e-07
1.24338245822e-07
1.25371392328e-07
1.2580688389e-07
1.25677905605e-07
1.24977384054e-07
1.23751093095e-07
1.21994107534e-07
1.1975202278e-07
1.17029357021e-07
1.13874608884e-07
1.1029314981e-07
1.06332611672e-07
1.02002081764e-07
9.73553839253e-08
9.23937543993e-08
8.71738078806e-08
8.16990204225e-08
7.60220439671e-08
7.01444559362e-08
6.41407392882e-08
5.79766381848e-08
5.17203130819e-08
4.53679387843e-08
3.89766177277e-08
3.25338558593e-08
2.60984666512e-08
1.96507061407e-08
1.32559999553e-08
6.8832159889e-09
6.00093059377e-10
-5.6311301769e-09
-1.17350908166e-08
-1.77643092559e-08
-2.36353047579e-08
-2.94127421173e-08
-3.50001995848e-08
-4.04825667884e-08
-4.57429141557e-08
-5.08949979377e-08
-5.57890406008e-08
-6.05852432751e-08
-6.5073595848e-08
-6.94881594326e-08
-7.35188931827e-08
-7.75356265677e-08
-8.1024915389e-08
-8.462173827e-08
-8.73305656233e-08
-9.04941118073e-08
-9.11409375917e-08
-9.38182410285e-08
