# optimized from noise_fir_medium.txt on 2026-01-02T15:29:09
# original_taps=1023 new_taps=1023
# scale_factor=0.549556441997 # comp_db=5.200
7.77626305697e-08
7.80858256615e-08
8.1096254813e-08
8.14455995953e-08
8.26455746347e-08
8.3056645719e-08
8.39260039525e-08
8.44619697874e-08
8.53088347756e-08
8.59854654531e-08
8.68658197376e-08
8.76276721864e-08
8.85067254242e-08
8.92713116518e-08
9.01003303555e-08
9.08359378437e-08
9.16310675792e-08
9.23753993193e-08
9.32046651666e-08
9.40303782948e-08
9.49430787007e-08
9.58671293868e-08
9.68509336268e-08
9.78125027787e-08
9.87924299328e-08
9.97118634997e-08
1.00622659369e-07
1.01474061111e-07
1.02334717388e-07
1.03180472377e-07
1.04076283897e-07
1.05003368802e-07
1.06028187597e-07
1.07072483225e-07
1.08176095286e-07
1.09276929468e-07
1.10379228298e-07
1.11441337157e-07
1.12469790129e-07
1.13451504138e-07
1.14429127883e-07
1.15406321843e-07
1.16433550175e-07
1.17519560426e-07
1.18700324402e-07
1.19945778151e-07
1.21267495865e-07
1.22608302353e-07
1.2396919261e-07
1.25294787484e-07
1.26607263916e-07
1.27896193707e-07
1.29198732017e-07
1.30549231373e-07
1.31999645572e-07
1.33572070155e-07
1.35302122413e-07
1.3717311445e-07
1.39168837516e-07
1.41246352167e-07
1.43366890952e-07
1.45491905047e-07
1.47608863549e-07
1.49711230563e-07
1.51851377187e-07
1.5405094142e-07
1.56379832399e-07
1.58868118728e-07
1.61546614175e-07
1.64400226084e-07
1.67407467276e-07
1.7049998427e-07
1.73642015292e-07
1.76764453802e-07
1.7986531318e-07
1.82942414724e-07
1.86043553034e-07
1.89235803256e-07
1.92593722923e-07
1.96169217621e-07
1.99993522494e-07
2.04054040731e-07
2.08308807626e-07
2.12671644739e-07
2.17063691747e-07
2.21414344436e-07
2.25690065885e-07
2.29881982428e-07
2.34052639582e-07
2.38272562618e-07
2.4262955638e-07
2.47196496091e-07
2.52012867839e-07
2.57050634643e-07
2.62258873289e-07
2.67523997322e-07
2.72749824431e-07
2.7783314746e-07
2.82744464844e-07
2.87481388464e-07
2.92144539135e-07
2.96838881845e-07
3.01703447179e-07
3.06833023848e-07
3.12294604479e-07
3.18069497699e-07
3.24055923395e-07
3.30136779273e-07
3.36144235992e-07
3.41963110916e-07
3.47533784003e-07
3.52855275297e-07
3.58038912109e-07
3.6323165527e-07
3.68616774822e-07
3.74322231945e-07
3.80442403563e-07
3.86958007737e-07
3.93746148404e-07
4.00646674199e-07
4.07480418597e-07
4.14080774757e-07
4.20410728079e-07
4.26492437279e-07
4.32494775609e-07
4.38640616813e-07
4.45191294981e-07
4.52349622774e-07
4.60220875556e-07
4.68772677222e-07
4.77859461886e-07
4.87241589499e-07
4.96628697366e-07
5.05801394577e-07
5.14636620801e-07
5.23157929063e-07
5.31538879919e-07
5.4004060521e-07
5.48964083291e-07
5.58558195813e-07
5.68934355882e-07
5.80023718515e-07
5.91632183768e-07
6.03401720538e-07
6.14988580038e-07
6.26092435859e-07
6.3657111087e-07
6.46472157607e-07
6.56062629238e-07
6.65710872037e-07
6.75831846597e-07
6.8676958759e-07
6.98702013205e-07
7.11514801073e-07
7.24948793919e-07
7.3853469864e-07
7.5176261918e-07
7.64209398697e-07
7.7566742473e-07
7.86154853997e-07
7.96007107444e-07
8.05667152112e-07
8.15665453292e-07
8.26442058413e-07
8.38204551102e-07
8.50869681623e-07
8.64072015068e-07
8.77261276362e-07
8.89807025885e-07
9.01256276185e-07
9.11393823305e-07
9.2035296247e-07
9.28635212133e-07
9.3690320243e-07
9.45976910827e-07
9.56438052588e-07
9.68645652112e-07
9.82503692044e-07
9.97574408234e-07
1.01309243022e-06
1.02828645476e-06
1.04247654325e-06
1.0553778904e-06
1.06710860148e-06
1.07825824183e-06
1.08970403889e-06
1.10240722849e-06
1.11716083074e-06
1.13436774237e-06
1.15395193536e-06
1.17536650751e-06
1.19768997399e-06
1.21997308952e-06
1.24145624388e-06
1.26181971715e-06
1.28135518737e-06
1.3009138574e-06
1.32166722788e-06
1.34493850013e-06
1.37175278513e-06
1.40262939165e-06
1.43740288484e-06
1.47526819154e-06
1.51490133687e-06
1.5549186264e-06
1.59409951337e-06
1.63187235756e-06
1.66829153854e-06
1.70418067513e-06
1.74081491189e-06
1.7795918174e-06
1.82160235646e-06
1.86731823641e-06
1.91629553138e-06
1.96733798353e-06
2.01872824896e-06
2.06854333588e-06
2.1152615016e-06
2.15805829828e-06
2.19711013014e-06
2.23342764541e-06
2.26870398051e-06
2.30469521e-06
2.34281229655e-06
2.38353848699e-06
2.42633286999e-06
2.46955974837e-06
2.51087055464e-06
2.54770568941e-06
2.57798261354e-06
2.60048810904e-06
2.61528501234e-06
2.62350868437e-06
2.62723236234e-06
2.62860723368e-06
2.62938858088e-06
2.63038660649e-06
2.63094145586e-06
2.62930878781e-06
2.62282821386e-06
2.60864423164e-06
2.58462358097e-06
2.54979087104e-06
2.50471184417e-06
2.45149087382e-06
2.39323364785e-06
2.33324994562e-06
2.27428292954e-06
2.21769079549e-06
2.16317727804e-06
2.10876684164e-06
2.05138741588e-06
1.98772297374e-06
1.91517834546e-06
1.83261783748e-06
1.7409232361e-06
1.64280507004e-06
1.5422748312e-06
1.44366679361e-06
1.35060023014e-06
1.26516542245e-06
1.18728447045e-06
1.11497113542e-06
1.04494997955e-06
9.73692113372e-07
8.98588052907e-07
8.19014657115e-07
7.36693266999e-07
6.55762573208e-07
5.81771635101e-07
5.207119236e-07
4.77462408258e-07
4.54751305252e-07
4.52652134109e-07
4.68479881251e-07
4.97817496226e-07
5.35732337472e-07
5.78343503249e-07
6.24049764382e-07
6.74110370599e-07
7.32627047676e-07
8.05543944595e-07
8.99236897396e-07
1.01872507772e-06
1.16653939145e-06
1.34168727298e-06
1.54013065435e-06
1.7555730904e-06
1.98125408073e-06
2.21170265256e-06
2.44435790819e-06
2.68028771392e-06
2.92393939145e-06
3.18212091428e-06
3.4619584342e-06
3.76883144716e-06
4.10481681658e-06
4.4675196771e-06
4.8504927439e-06
5.24441496437e-06
5.6391833434e-06
6.02634767814e-06
6.40084467859e-06
6.76227605236e-06
7.11443635294e-06
7.46418087011e-06
7.81894856411e-06
8.18430257233e-06
8.56192349649e-06
8.94830304561e-06
9.33518115563e-06
9.71108046181e-06
1.00638817485e-05
1.03837263295e-05
1.06652998793e-05
1.09091503652e-05
1.11212433553e-05
1.1311249043e-05
1.14896768907e-05
1.16645635756e-05
1.18389783245e-05
1.20093943713e-05
1.21662265242e-05
1.22956490171e-05
1.23830736109e-05
1.2416349e-05
1.23890997972e-05
1.23022000914e-05
1.2163359975e-05
1.19851874956e-05
1.1781479872e-05
1.15634044232e-05
1.13362360395e-05
1.10977027566e-05
1.08382824699e-05
1.0543762221e-05
1.01991105226e-05
9.79297085112e-06
9.32128689103e-06
8.78910319465e-06
8.21018559028e-06
7.60418397763e-06
6.9920969013e-06
6.39144517799e-06
5.81197997031e-06
5.25342825953e-06
4.70619969907e-06
4.154117667e-06
3.57962636816e-06
2.96910465898e-06
2.31762478597e-06
1.6314352948e-06
9.27372456741e-07
2.29564390132e-07
-4.36043701097e-07
-1.04788577135e-06
-1.59372406478e-06
-2.07361276182e-06
-2.49917957872e-06
-2.88988049083e-06
-3.26689088909e-06
-3.64635114131e-06
-4.0333527747e-06
-4.41938548418e-06
-4.78280689485e-06
-5.09308646038e-06
-5.31810490098e-06
-5.43183916236e-06
-5.4207796253e-06
-5.28775082057e-06
-5.05111319763e-06
-4.73991034824e-06
-4.38638180003e-06
-4.01696423159e-06
-3.64496318063e-06
-3.26660577887e-06
-2.86168754857e-06
-2.39862725127e-06
-1.84329875054e-06
-1.16844702873e-06
-3.6223410015e-07
5.67707479098e-07
1.59475711598e-06
2.67957134721e-06
3.77964547177e-06
4.86044244164e-06
5.90459214984e-06
6.91698015993e-06
7.92364005414e-06
8.96518520411e-06
1.00853328196e-05
1.13184177641e-05
1.26787440854e-05
1.415445095e-05
1.57085932202e-05
1.72865680642e-05
1.88286849148e-05
2.02845769142e-05
2.16253883552e-05
2.2850749272e-05
2.3987965833e-05
2.50837912225e-05
2.61902542066e-05
2.73489472608e-05
2.85767841252e-05
2.9858843737e-05
3.11490119042e-05
3.23798642735e-05
3.34788355577e-05
3.438670006e-05
3.50735921628e-05
3.55479024438e-05
3.58551473764e-05
3.60670175152e-05
3.62625610462e-05
3.6506544553e-05
3.68308559261e-05
3.72236285009e-05
3.76300990657e-05
3.79649875954e-05
3.813403231e-05
3.80585773238e-05
3.76979366227e-05
3.7061851215e-05
3.62101051712e-05
3.52388780964e-05
3.42561196131e-05
3.33529337415e-05
3.25782339504e-05
3.19240534293e-05
3.13257392519e-05
3.06784288943e-05
2.98655723814e-05
2.87928399765e-05
2.74181377494e-05
2.5769366543e-05
2.39442593305e-05
2.20911086222e-05
2.03745615831e-05
1.89347897854e-05
1.78506687724e-05
1.71171693563e-05
1.66441277806e-05
1.62775876549e-05
1.58400149006e-05
1.51787371712e-05
1.42104354253e-05
1.29494213129e-05
1.15104851944e-05
1.00843610314e-05
8.89052906837e-06
8.11886152668e-06
7.8755509315e-06
8.14825845725e-06
8.80162260875e-06
9.6068895641e-06
1.02996570097e-05
1.06526091551e-05
1.05441134634e-05
1.00038023358e-05
9.22044106796e-06
8.50728140941e-06
8.23028985251e-06
8.71547314292e-06
1.01589106215e-05
1.25642897293e-05
1.57261101587e-05
1.9268854149e-05
2.2734385158e-05
2.57001440792e-05
2.78975714901e-05
2.92992605943e-05
3.01478481079e-05
3.09134717667e-05
3.2183684674e-05
3.45095280982e-05
3.82436318359e-05
4.34155633888e-05
4.96808393479e-05
5.636726432e-05
6.26183262733e-05
6.76065476317e-05
7.07695786534e-05
7.20086309385e-05
7.1791241152e-05
7.11183874088e-05
7.13444610244e-05
7.38761610693e-05
7.98104650707e-05
8.95952894799e-05
0.000102804732061
0.0001181042362
0.000133447846936
0.000146499552801
0.000155217146785
0.000158489515221
0.000156691758657
0.000152018633329
0.000148487235453
0.000151554134298
0.000167365762495
0.000201737030681
0.000259018363316
0.000341051787365
0.000446416564984
0.000570133472593
0.000703921277219
0.000837009369859
0.000957409655178
0.00105346402158
0.00111542833063
0.5
0.00111542833058
0.00105346402161
0.000957409655161
0.000837009369873
0.000703921277209
0.000570133472601
0.000446416564973
0.000341051787376
0.000259018363307
0.000201737030684
0.000167365762491
0.000151554134304
0.000148487235451
0.000152018633332
0.000156691758652
0.000158489515227
0.00015521714678
0.000146499552803
0.000133447846934
0.000118104236203
0.000102804732058
8.95952894816e-05
7.98104650676e-05
7.38761610739e-05
7.13444610223e-05
7.11183874111e-05
7.17912411503e-05
7.20086309404e-05
7.07695786514e-05
6.7606547633e-05
6.26183262708e-05
5.6367264323e-05
4.96808393454e-05
4.34155633896e-05
3.82436318343e-05
3.45095280999e-05
3.2183684673e-05
3.09134717682e-05
3.01478481061e-05
2.92992605965e-05
2.7897571488e-05
2.57001440799e-05
2.27343851568e-05
1.92688541504e-05
1.57261101575e-05
1.25642897302e-05
1.01589106198e-05
8.71547314505e-06
8.23028985139e-06
8.50728141067e-06
9.22044106747e-06
1.00038023371e-05
1.05441134624e-05
1.06526091558e-05
1.02996570082e-05
9.60688956581e-06
8.80162260752e-06
8.14825845779e-06
7.87555093051e-06
8.11886152755e-06
8.89052906758e-06
1.00843610323e-05
1.15104851934e-05
1.29494213144e-05
1.42104354241e-05
1.51787371716e-05
1.58400148997e-05
1.62775876557e-05
1.66441277799e-05
1.71171693569e-05
1.78506687712e-05
1.89347897866e-05
2.03745615822e-05
2.20911086229e-05
2.39442593301e-05
2.5769366544e-05
2.74181377488e-05
2.8792839977e-05
2.98655723803e-05
3.06784288954e-05
3.1325739251e-05
3.19240534298e-05
3.25782339498e-05
3.33529337421e-05
3.42561196124e-05
3.52388780969e-05
3.62101051704e-05
3.70618512162e-05
3.7697936622e-05
3.80585773241e-05
3.81340323094e-05
3.7964987596e-05
3.76300990651e-05
3.72236285014e-05
3.68308559253e-05
3.65065445539e-05
3.62625610455e-05
3.60670175156e-05
3.58551473761e-05
3.55479024446e-05
3.50735921626e-05
3.43867000606e-05
3.3478835557e-05
3.23798642744e-05
3.11490119035e-05
2.98588437373e-05
2.85767841249e-05
2.73489472613e-05
2.61902542061e-05
2.50837912229e-05
2.39879658324e-05
2.28507492729e-05
2.16253883548e-05
2.02845769146e-05
1.88286849144e-05
1.72865680646e-05
1.57085932197e-05
1.41544509503e-05
1.26787440848e-05
1.13184177648e-05
1.0085332819e-05
8.9651852043e-06
7.92364005385e-06
6.91698016043e-06
5.90459214959e-06
4.86044244214e-06
3.77964547124e-06
2.67957134784e-06
1.59475711547e-06
5.67707479281e-07
-3.6223410047e-07
-1.16844702833e-06
-1.84329875095e-06
-2.39862725106e-06
-2.86168754914e-06
-3.26660577826e-06
-3.64496318103e-06
-4.01696423129e-06
-4.38638180024e-06
-4.73991034793e-06
-5.05111319803e-06
-5.28775082032e-06
-5.42077962583e-06
-5.43183916179e-06
-5.31810490137e-06
-5.09308646025e-06
-4.78280689513e-06
-4.4193854838e-06
-4.03335277494e-06
-3.64635114091e-06
-3.26689088939e-06
-2.88988049025e-06
-2.49917957911e-06
-2.07361276165e-06
-1.59372406502e-06
-1.04788577104e-06
-4.36043701355e-07
2.29564390374e-07
9.27372456244e-07
1.63143529526e-06
2.31762478564e-06
2.96910465917e-06
3.57962636804e-06
4.15411766734e-06
4.70619969875e-06
5.25342825973e-06
5.81197996988e-06
6.39144517839e-06
6.99209690098e-06
7.60418397779e-06
8.21018559003e-06
8.78910319489e-06
9.3212868908e-06
9.79297085139e-06
1.01991105223e-05
1.05437622215e-05
1.08382824697e-05
1.10977027567e-05
1.13362360393e-05
1.15634044234e-05
1.17814798717e-05
1.19851874959e-05
1.21633599746e-05
1.23022000917e-05
1.23890997969e-05
1.24163490002e-05
1.23830736107e-05
1.22956490174e-05
1.2166226524e-05
1.20093943715e-05
1.18389783241e-05
1.1664563576e-05
1.14896768904e-05
1.13112490431e-05
1.11212433552e-05
1.09091503654e-05
1.06652998791e-05
1.03837263298e-05
1.00638817483e-05
9.71108046223e-06
9.33518115552e-06
8.94830304575e-06
8.56192349635e-06
8.18430257255e-06
7.81894856391e-06
7.46418087029e-06
7.11443635269e-06
6.76227605268e-06
6.40084467833e-06
6.02634767822e-06
5.63918334329e-06
5.24441496457e-06
4.85049274378e-06
4.46751967732e-06
4.10481681628e-06
3.76883144743e-06
3.46195843398e-06
3.18212091432e-06
2.92393939134e-06
2.68028771412e-06
2.44435790797e-06
2.2117026527e-06
1.98125408049e-06
1.7555730907e-06
1.54013065422e-06
1.34168727313e-06
1.16653939136e-06
1.01872507787e-06
8.99236897227e-07
8.05543944735e-07
7.32627047415e-07
6.74110370887e-07
6.24049764199e-07
5.78343503257e-07
5.35732337355e-07
4.97817496384e-07
4.68479881091e-07
4.52652134303e-07
4.54751305065e-07
4.77462408474e-07
5.20711923413e-07
5.81771635149e-07
6.55762573085e-07
7.36693267142e-07
8.19014656988e-07
8.98588053021e-07
9.73692113137e-07
1.0449499798e-06
1.11497113529e-06
1.18728447054e-06
1.26516542244e-06
1.3506002303e-06
1.44366679345e-06
1.54227483135e-06
1.64280506984e-06
1.7409232363e-06
1.83261783737e-06
1.9151783455e-06
1.98772297362e-06
2.051387416e-06
2.10876684151e-06
2.16317727816e-06
2.21769079534e-06
2.27428292978e-06
2.33324994546e-06
2.39323364786e-06
2.45149087375e-06
2.50471184426e-06
2.54979087091e-06
2.58462358111e-06
2.60864423144e-06
2.62282821401e-06
2.62930878771e-06
2.6309414559e-06
2.63038660644e-06
2.62938858105e-06
2.62860723358e-06
2.62723236243e-06
2.62350868421e-06
2.61528501251e-06
2.60048810891e-06
2.57798261359e-06
2.54770568935e-06
2.5108705547e-06
2.46955974825e-06
2.4263328701e-06
2.38353848683e-06
2.34281229675e-06
2.30469520994e-06
2.26870398052e-06
2.23342764535e-06
2.19711013024e-06
2.15805829815e-06
2.1152615017e-06
2.06854333576e-06
2.0187282491e-06
1.96733798342e-06
1.91629553142e-06
1.86731823638e-06
1.82160235657e-06
1.77959181735e-06
1.74081491201e-06
1.70418067498e-06
1.66829153869e-06
1.63187235748e-06
1.59409951337e-06
1.55491862638e-06
1.51490133696e-06
1.47526819141e-06
1.43740288493e-06
1.40262939153e-06
1.37175278526e-06
1.34493850008e-06
1.32166722793e-06
1.30091385734e-06
1.28135518743e-06
1.26181971706e-06
1.24145624395e-06
1.21997308939e-06
1.19768997413e-06
1.17536650743e-06
1.15395193535e-06
1.13436774235e-06
1.11716083081e-06
1.10240722841e-06
1.08970403901e-06
1.07825824173e-06
1.06710860157e-06
1.05537789034e-06
1.04247654326e-06
1.0282864547e-06
1.0130924303e-06
9.97574408161e-07
9.82503692091e-07
9.68645651998e-07
9.56438052702e-07
9.45976910758e-07
9.36903202455e-07
9.28635212133e-07
9.20352962515e-07
9.11393823216e-07
9.01256276267e-07
8.89807025764e-07
8.77261276452e-07
8.64072015038e-07
8.50869681617e-07
8.38204551059e-07
8.26442058486e-07
8.15665453227e-07
8.05667152189e-07
7.96007107388e-07
7.86154854106e-07
7.75667424669e-07
7.64209398711e-07
7.51762619163e-07
7.38534698678e-07
7.24948793867e-07
7.11514801152e-07
6.98702013091e-07
6.86769587672e-07
6.75831846566e-07
6.65710872029e-07
6.56062629234e-07
6.46472157684e-07
6.36571110793e-07
6.26092435912e-07
6.14988579962e-07
6.03401720597e-07
5.91632183722e-07
5.80023718536e-07
5.68934355855e-07
5.58558195839e-07
5.48964083245e-07
5.40040605275e-07
5.31538879837e-07
5.23157929167e-07
5.14636620779e-07
5.0580139456e-07
4.9662869736e-07
4.87241589546e-07
4.77859461811e-07
4.68772677293e-07
4.60220875492e-07
4.52349622824e-07
4.45191294948e-07
4.38640616822e-07
4.32494775585e-07
4.26492437329e-07
4.20410728049e-07
4.14080774802e-07
4.07480418516e-07
4.00646674274e-07
3.93746148365e-07
3.86958007725e-07
3.80442403574e-07
3.74322231977e-07
3.68616774754e-07
3.63231655343e-07
3.58038912046e-07
3.5285527535e-07
3.47533784008e-07
3.41963110924e-07
3.3614423597e-07
3.30136779318e-07
3.24055923352e-07
3.18069497738e-07
3.12294604427e-07
3.06833023915e-07
3.01703447139e-07
2.96838881839e-07
2.92144539142e-07
2.87481388485e-07
2.82744464802e-07
2.77833147538e-07
2.72749824359e-07
2.67523997362e-07
2.62258873284e-07
2.57050634623e-07
2.52012867823e-07
2.47196496142e-07
2.42629556326e-07
2.38272562653e-07
2.34052639538e-07
2.29881982476e-07
2.25690065859e-07
2.21414344451e-07
2.17063691753e-07
2.12671644751e-07
2.08308807589e-07
2.04054040789e-07
1.99993522418e-07
1.96169217674e-07
1.92593722922e-07
1.89235803225e-07
1.86043553029e-07
1.82942414766e-07
1.7986531312e-07
1.76764453855e-07
1.73642015259e-07
1.70499984298e-07
1.67407467253e-07
1.64400226089e-07
1.61546614162e-07
1.58868118743e-07
1.56379832373e-07
1.54050941468e-07
1.51851377112e-07
1.4971123062e-07
1.47608863542e-07
1.45491905021e-07
1.43366890974e-07
1.41246352206e-07
1.39168837449e-07
1.37173114515e-07
1.35302122368e-07
1.33572070172e-07
1.31999645573e-07
1.30549231377e-07
1.29198731995e-07
1.27896193732e-07
1.26607263885e-07
1.25294787524e-07
1.2396919255e-07
1.2260830242e-07
1.21267495844e-07
1.19945778121e-07
1.18700324427e-07
1.17519560442e-07
1.16433550102e-07
1.15406321934e-07
1.14429127816e-07
1.13451504151e-07
1.12469790147e-07
1.11441337143e-07
1.10379228277e-07
1.09276929525e-07
1.08176095241e-07
1.07072483268e-07
1.0602818754e-07
1.05003368862e-07
1.04076283862e-07
1.03180472362e-07
1.02334717423e-07
1.01474061112e-07
1.00622659291e-07
9.97118636261e-08
9.87924298168e-08
9.78125028174e-08
9.68509336772e-08
9.58671293294e-08
9.4943078684e-08
9.40303783874e-08
9.32046650479e-08
9.23753994046e-08
9.16310675203e-08
9.08359379001e-08
9.01003303048e-08
8.92713116596e-08
8.8506725459e-08
8.76276721757e-08
8.68658196374e-08
8.59854657215e-08
8.53088344592e-08
8.44619699461e-08
8.39260040785e-08
8.30566454376e-08
8.2645574727e-08
8.1445599992e-08
8.10962539341e-08
7.80858266994e-08
7.77626297737e-08
