# optimized from noise_fir_default.txt on 2026-01-02T15:29:09
# original_taps=1023 new_taps=2047
# scale_factor=0.7 # comp_db=3.098
1.26247134737e-11
1.20420773057e-11
1.24573550882e-11
1.20452271436e-11
1.25726631423e-11
1.20517019605e-11
1.24635247569e-11
1.20555901165e-11
1.25859417343e-11
1.20710183229e-11
1.2486145463e-11
1.2080507941e-11
1.26168558426e-11
1.21058805921e-11
1.25252858422e-11
1.21214660526e-11
1.26648861784e-11
1.21570735018e-11
1.25813422955e-11
1.21788676758e-11
1.27302771459e-11
1.22248330686e-11
1.26544979569e-11
1.22527559182e-11
1.28134975038e-11
1.23090879144e-11
1.27447579688e-11
1.23424089596e-11
1.29186056118e-11
1.24090776064e-11
1.28526246082e-11
1.24425918539e-11
1.30945082981e-11
1.2527610903e-11
1.29751627647e-11
1.25633537868e-11
1.31472497518e-11
1.26359877728e-11
1.30829196681e-11
1.26722790362e-11
1.32634060922e-11
1.27540137693e-11
1.32075061049e-11
1.27959661751e-11
1.33977977067e-11
1.28884277927e-11
1.33494228557e-11
1.29366077299e-11
1.35504287717e-11
1.30402013061e-11
1.35094282153e-11
1.30947718382e-11
1.37217215419e-11
1.32099278836e-11
1.36879436319e-11
1.32708585766e-11
1.39124440125e-11
1.33978431904e-11
1.38852964751e-11
1.346430201e-11
1.4127948359e-11
1.36044345035e-11
1.41035201454e-11
1.36700882473e-11
1.4437009415e-11
1.3849675525e-11
1.43553741106e-11
1.39170510512e-11
1.45972743616e-11
1.4062797979e-11
1.45705202317e-11
1.41302373013e-11
1.48225399589e-11
1.42860233374e-11
1.48036418041e-11
1.4359209261e-11
1.50677894439e-11
1.45273202601e-11
1.50559983766e-11
1.46069276402e-11
1.53333299559e-11
1.47882166627e-11
1.53285861226e-11
1.4874383263e-11
1.56199982193e-11
1.50695057792e-11
1.56223215775e-11
1.51622433353e-11
1.59290637409e-11
1.53718014104e-11
1.59377392066e-11
1.54702811415e-11
1.62674245603e-11
1.5697158248e-11
1.62789774824e-11
1.57934534718e-11
1.67352275819e-11
1.60917085173e-11
1.66824203545e-11
1.61884759222e-11
1.7012185628e-11
1.64211778929e-11
1.70164012965e-11
1.65172174216e-11
1.73586976679e-11
1.67617411592e-11
1.73704638017e-11
1.68636475289e-11
1.77281190954e-11
1.71233373118e-11
1.77468355222e-11
1.72318227997e-11
1.81213216761e-11
1.75079385493e-11
1.81470555854e-11
1.76233280367e-11
1.85395995288e-11
1.79168509815e-11
1.85723402497e-11
1.80392458042e-11
1.89847001528e-11
1.83512410874e-11
1.90239648256e-11
1.84794703882e-11
1.94661455147e-11
1.88152170756e-11
1.95083838648e-11
1.89389465313e-11
2.01330639191e-11
1.93961551496e-11
2.01003778772e-11
1.95183492368e-11
2.0543489556e-11
1.98605731587e-11
2.05716443574e-11
1.99809254523e-11
2.10307442378e-11
2.03378239736e-11
2.10664328101e-11
2.04640494802e-11
2.15455924772e-11
2.08406158765e-11
2.15881217597e-11
2.09736986194e-11
2.20894585384e-11
2.13717067708e-11
2.21392120418e-11
2.15120382983e-11
2.2664258083e-11
2.19330522257e-11
2.27212723643e-11
2.20807547286e-11
2.32726990482e-11
2.25263462813e-11
2.33364764944e-11
2.26801241189e-11
2.39278091313e-11
2.31588283648e-11
2.3994784105e-11
2.33050668582e-11
2.48556034589e-11
2.3984665712e-11
2.48330264002e-11
2.41254488989e-11
2.54263230651e-11
2.46120275935e-11
2.54696851521e-11
2.47493523106e-11
2.60841003907e-11
2.52553300031e-11
2.61348262544e-11
2.5398521593e-11
2.67762055714e-11
2.59308203496e-11
2.68340703634e-11
2.60811874625e-11
2.75053581874e-11
2.66424632061e-11
2.75706684061e-11
2.68005554932e-11
2.82743541189e-11
2.73931549288e-11
2.83473676401e-11
2.75591599561e-11
2.90869331045e-11
2.81857184604e-11
2.91670566862e-11
2.83579031914e-11
2.99612092446e-11
2.90313747477e-11
3.00448578513e-11
2.91916575688e-11
3.12447154829e-11
3.01927209365e-11
3.12188544654e-11
3.03409304226e-11
3.2017031438e-11
3.10247320995e-11
3.20628877414e-11
3.11674163129e-11
3.28897175473e-11
3.1877851225e-11
3.2942804468e-11
3.20261996178e-11
3.38071943051e-11
3.27732575661e-11
3.3867604999e-11
3.2929040981e-11
3.47736469842e-11
3.37166655404e-11
3.48418532039e-11
3.38807350643e-11
3.57932171881e-11
3.47124001619e-11
3.58696316487e-11
3.48848992784e-11
3.6871501269e-11
3.57647140949e-11
3.69554573629e-11
3.59435658985e-11
3.80337530784e-11
3.68910693639e-11
3.81213674185e-11
3.70525804041e-11
3.98205870498e-11
3.85302397395e-11
3.97712562669e-11
3.86673028054e-11
4.08576480884e-11
3.96299674897e-11
4.08859790751e-11
3.97585323409e-11
4.20131208187e-11
4.07591403658e-11
4.20481273247e-11
4.08930714319e-11
4.32291511712e-11
4.19464651788e-11
4.32714701026e-11
4.20880561558e-11
4.45125240066e-11
4.31999685406e-11
4.45630359483e-11
4.33502252858e-11
4.58697876229e-11
4.45263331985e-11
4.59286722175e-11
4.46855519306e-11
4.73088281793e-11
4.59320781783e-11
4.73754979075e-11
4.60973698175e-11
4.88654016029e-11
4.74438533214e-11
4.89355148087e-11
4.75840629677e-11
5.13929362674e-11
4.97901566556e-11
5.12869619689e-11
4.98844522385e-11
5.27940529894e-11
5.12552308746e-11
5.27706788889e-11
5.13367886469e-11
5.43380485185e-11
5.27645009276e-11
5.43201786542e-11
5.2850319181e-11
5.59682436472e-11
5.43572262703e-11
5.59569201958e-11
5.44500958541e-11
5.76951117964e-11
5.60453617429e-11
5.76914510979e-11
5.61469202526e-11
5.95285634505e-11
5.78388724648e-11
5.95332923246e-11
5.79494392232e-11
6.14812234559e-11
5.97484002068e-11
6.14930062589e-11
5.98641413377e-11
6.36045862937e-11
6.18144686864e-11
6.36180185227e-11
6.18943023513e-11
6.72708417371e-11
6.52536431919e-11
6.70495619579e-11
6.52486106779e-11
6.91978515343e-11
6.72427949659e-11
6.90617807496e-11
6.72178790851e-11
7.13047214783e-11
6.93025385698e-11
7.1170318908e-11
6.9279225993e-11
7.35400685931e-11
7.14881092661e-11
7.34099064979e-11
7.14702445209e-11
7.5921728785e-11
7.38186195768e-11
7.57968547601e-11
7.38076676184e-11
7.8465590766e-11
7.6309529225e-11
7.83471035429e-11
7.63060072361e-11
8.11917823338e-11
7.8978335988e-11
8.10770562277e-11
7.89769108324e-11
8.41769768202e-11
8.1888651607e-11
8.4058419676e-11
8.18346951916e-11
8.96918761474e-11
8.71081305602e-11
8.92441570471e-11
8.68968911117e-11
9.24256455606e-11
8.98951714816e-11
9.20585741697e-11
8.96515215441e-11
9.53998078133e-11
9.28037449219e-11
9.5026103306e-11
9.25543075756e-11
9.85800014196e-11
9.59151836482e-11
9.82026173025e-11
9.56644819089e-11
1.01996027145e-10
9.92601227916e-11
1.01616436562e-10
9.90105528536e-11
1.05675689484e-10
1.02866177302e-10
1.05294501473e-10
1.02617686173e-10
1.0965339584e-10
1.06763642038e-10
1.09265814903e-10
1.06507306557e-10
1.14049721901e-10
1.11056289532e-10
1.13642096854e-10
1.10719016502e-10
1.22788192719e-10
1.19387261292e-10
1.2188355983e-10
1.18748856894e-10
1.26859844847e-10
1.23489294898e-10
1.26015154907e-10
1.22790973213e-10
1.31287958207e-10
1.27818730125e-10
1.30413301298e-10
1.27094904282e-10
1.36076699369e-10
1.32504945006e-10
1.35175799582e-10
1.31760446263e-10
1.41281991516e-10
1.37603741785e-10
1.40355335361e-10
1.36839829288e-10
1.4695799827e-10
1.43167826157e-10
1.46003470706e-10
1.42381862876e-10
1.53170406314e-10
1.49256936677e-10
1.52176139944e-10
1.48432400302e-10
1.60125089137e-10
1.56054241673e-10
1.59065049009e-10
1.55088841002e-10
1.75088355544e-10
1.70397238497e-10
1.73190564454e-10
1.68817577938e-10
1.81641718987e-10
1.76921386979e-10
1.79735606801e-10
1.75211980595e-10
1.88817470505e-10
1.83930008487e-10
1.86812883877e-10
1.82134286538e-10
1.96716476428e-10
1.91653917721e-10
1.94613766454e-10
1.89772178372e-10
2.05462108138e-10
2.00213197472e-10
2.03253281223e-10
1.98240900867e-10
2.15179605519e-10
2.09730153932e-10
2.12850966528e-10
2.07652364544e-10
2.2602276511e-10
2.2034754811e-10
2.23539655066e-10
2.18123136122e-10
2.3840716101e-10
2.32444350004e-10
2.35702813589e-10
2.29912372374e-10
2.67458225284e-10
2.60383106545e-10
2.63082946949e-10
2.56435250764e-10
2.79518076407e-10
2.72241259157e-10
2.74895822144e-10
2.67936961831e-10
2.93004911178e-10
2.85371616272e-10
2.88037030551e-10
2.8075542952e-10
3.08319462379e-10
3.00300690767e-10
3.02974843499e-10
2.95341523281e-10
3.25834254718e-10
3.1738575259e-10
3.20054770142e-10
3.12030658346e-10
3.45964521051e-10
3.37029674596e-10
3.39667727555e-10
3.31196045681e-10
3.69240612501e-10
3.59728989061e-10
3.6228131236e-10
3.53265293884e-10
3.96849125963e-10
3.8659379243e-10
3.88982623361e-10
3.79143261594e-10
4.6825579901e-10
4.55304748513e-10
4.55914360048e-10
4.43674895297e-10
4.97481253426e-10
4.83620936712e-10
4.83763304687e-10
4.70571327734e-10
5.32121260983e-10
5.17089832436e-10
5.16769016254e-10
5.02515891278e-10
5.7425935081e-10
5.57846656604e-10
5.56926989714e-10
5.4140411735e-10
6.26172565513e-10
6.08059167207e-10
6.06327197896e-10
5.89238336122e-10
6.90930892065e-10
6.70672110189e-10
6.67800770169e-10
6.48710453638e-10
7.73053827342e-10
7.49964193723e-10
7.45419101414e-10
7.23646200411e-10
8.81368879301e-10
8.54306350597e-10
8.47219926818e-10
8.2151660407e-10
1.20044413371e-09
1.16036755871e-09
1.14286873269e-09
1.10452598725e-09
1.35819404874e-09
1.31053708037e-09
1.28740476242e-09
1.24187547256e-09
1.59138429984e-09
1.53295561034e-09
1.50179920208e-09
1.44609502438e-09
1.96087013603e-09
1.88570876264e-09
1.84148986414e-09
1.76970099285e-09
2.59754349189e-09
2.49351381161e-09
2.42588418765e-09
2.32606648293e-09
3.85729718822e-09
3.69590136628e-09
3.58006186707e-09
3.42380051583e-09
7.1014059337e-09
6.79258846507e-09
6.54915280885e-09
6.24600993871e-09
2.3581924948e-08
2.25418879277e-08
2.16508834075e-08
2.060959979e-08
8.91729618159e-07
8.57346223841e-07
8.26715278769e-07
7.9098197214e-07
7.7023141466e-07
7.33378606669e-07
7.01106476724e-07
6.64241148909e-07
6.35484673486e-07
5.99137278624e-07
5.68174726358e-07
5.32955555916e-07
5.04808652582e-07
4.71060382711e-07
4.43241515624e-07
4.11465293716e-07
3.86838508042e-07
3.57545822857e-07
3.34999770049e-07
3.08813930802e-07
2.90255350483e-07
2.67589568781e-07
2.52284463051e-07
2.33442542677e-07
2.22527244475e-07
2.07610315631e-07
2.00449914152e-07
1.89690558952e-07
1.87227421805e-07
1.80828237318e-07
1.82717416682e-07
1.80937872949e-07
1.88130687613e-07
1.91029448119e-07
2.02484404506e-07
2.09816240542e-07
2.25895225027e-07
2.37239247295e-07
2.57155596875e-07
2.72194684434e-07
2.9592010079e-07
3.14380095606e-07
3.41446701379e-07
3.63055676942e-07
3.93457301831e-07
4.17816327138e-07
4.50766168589e-07
4.77263825379e-07
5.12266224799e-07
5.40124016397e-07
5.76256161898e-07
6.04829346129e-07
6.41813089353e-07
6.70683524897e-07
7.07956056561e-07
7.36812711241e-07
7.74156443549e-07
8.02454894792e-07
8.39130876434e-07
8.66141225155e-07
9.01453098826e-07
9.26350110193e-07
9.59404089855e-07
9.81578037229e-07
1.01214287181e-06
1.03126235719e-06
1.05894170699e-06
1.07498570792e-06
1.09990697362e-06
1.11269689154e-06
1.13450176468e-06
1.1437932035e-06
1.16230729073e-06
1.16773610804e-06
1.18269052672e-06
1.18428090196e-06
1.19606899339e-06
1.19430768549e-06
1.20341522382e-06
1.19904055151e-06
1.2062650402e-06
1.19979497645e-06
1.20542774385e-06
1.19704542538e-06
1.20127628667e-06
1.19100873663e-06
1.19387663434e-06
1.18207559073e-06
1.18420949498e-06
1.1715896241e-06
1.1738881234e-06
1.16142359282e-06
1.16482017863e-06
1.15317803792e-06
1.15808626492e-06
1.14750213449e-06
1.15409614218e-06
1.14460354811e-06
1.15283906187e-06
1.1446775283e-06
1.15517679314e-06
1.14912225333e-06
1.16265590668e-06
1.15941090467e-06
1.17670344598e-06
1.17664481552e-06
1.19757036308e-06
1.20028123123e-06
1.2241787706e-06
1.22872392013e-06
1.25477432157e-06
1.26053613287e-06
1.28846340822e-06
1.29544726885e-06
1.32534455183e-06
1.33363952285e-06
1.36560201133e-06
1.37495257515e-06
1.40834398621e-06
1.41784196638e-06
1.45153371554e-06
1.45999354634e-06
1.49301979076e-06
1.4997619419e-06
1.53191786095e-06
1.53712716824e-06
1.56892301052e-06
1.5731886755e-06
1.60505904067e-06
1.60835792784e-06
1.63990735686e-06
1.64151019723e-06
1.67166207874e-06
1.67037807035e-06
1.69831388824e-06
1.6937038676e-06
1.71951638768e-06
1.71226665625e-06
1.73708083265e-06
1.72848716329e-06
1.75355947637e-06
1.74453371138e-06
1.770401079e-06
1.76100654303e-06
1.78759012552e-06
1.77771072206e-06
1.80520009685e-06
1.79569502067e-06
1.82559588231e-06
1.81850241327e-06
1.85331492284e-06
1.85112408927e-06
1.89316081826e-06
1.89750840556e-06
1.94755475198e-06
1.95844620319e-06
2.01602213144e-06
2.03264989032e-06
2.09706481158e-06
2.11917003778e-06
2.19082594231e-06
2.21928456737e-06
2.29940016171e-06
2.33533180999e-06
2.42464664054e-06
2.46797111741e-06
2.56532427477e-06
2.61391250439e-06
2.71665516657e-06
2.76740722695e-06
2.8724468499e-06
2.92288646689e-06
3.02853676009e-06
3.07731380036e-06
3.18259023652e-06
3.22856828267e-06
3.33166251514e-06
3.37184121218e-06
3.46838012387e-06
3.49716729488e-06
3.58075004411e-06
3.59116205215e-06
3.65509469106e-06
3.6411945598e-06
3.68063240477e-06
3.63856331218e-06
3.65042517294e-06
3.57734437999e-06
3.55855204292e-06
3.45062559858e-06
3.39656086682e-06
3.24818333196e-06
3.15300039333e-06
2.95866380825e-06
2.81777913033e-06
2.57444338992e-06
2.38675305617e-06
2.09497842379e-06
1.86250700297e-06
1.52507424131e-06
1.25056641068e-06
8.69445987243e-07
5.54176996993e-07
1.297866616e-07
-2.2608458303e-07
-6.93179390509e-07
-1.08769827579e-06
-1.59346141498e-06
-2.02003853577e-06
-2.55563324163e-06
-3.00339424029e-06
-3.55684917068e-06
-4.01347681957e-06
-4.57293637937e-06
-5.02732492938e-06
-5.58250102881e-06
-6.02435176927e-06
-6.56446710115e-06
-6.98141132968e-06
-7.4918080936e-06
-7.86673717328e-06
-8.32806430976e-06
-8.63987174234e-06
-9.03083928438e-06
-9.2589273807e-06
-9.56075074106e-06
-9.68857090072e-06
-9.88716190467e-06
-9.90236600384e-06
-9.98617550822e-06
-9.87682309717e-06
-9.83293306436e-06
-9.58447580824e-06
-9.39703959868e-06
-8.9929444497e-06
-8.64630688311e-06
-8.07287059898e-06
-7.55675440302e-06
-6.8074417797e-06
-6.11899649013e-06
-5.19407113155e-06
-4.33576364619e-06
-3.23813276121e-06
-2.21272387867e-06
-9.44449916812e-07
2.46236695518e-07
1.68288540535e-06
3.03413078684e-06
4.63071658448e-06
6.12890423213e-06
7.86596265475e-06
9.48593789725e-06
1.13339435899e-05
1.30428454849e-05
1.49676867928e-05
1.67316045395e-05
1.87007258775e-05
2.04878690578e-05
2.24697275801e-05
2.42472478817e-05
2.62062937468e-05
2.79342778527e-05
2.98260982011e-05
3.14558021849e-05
3.32288621016e-05
3.4707786436e-05
3.63112378708e-05
3.75913878123e-05
3.89814016748e-05
4.00228360241e-05
4.11625153328e-05
4.19291398638e-05
4.27817997212e-05
4.32341420505e-05
4.37572782383e-05
4.38502146196e-05
4.39979676568e-05
4.36870083898e-05
4.34194773259e-05
4.26712576776e-05
4.19632750655e-05
4.07604424417e-05
3.96018197339e-05
3.79388461977e-05
3.63270289801e-05
3.42018738904e-05
3.21349316108e-05
2.95460222454e-05
2.70250458469e-05
2.39781589578e-05
2.10169579377e-05
1.7535820348e-05
1.41696214924e-05
1.0299958317e-05
6.58349203203e-06
2.38539123846e-06
-1.61852131934e-06
-6.08275257846e-06
-1.03134073619e-05
-1.49849316888e-05
-1.93827903994e-05
-2.41992075733e-05
-2.8695060445e-05
-3.35784248253e-05
-3.80838013261e-05
-4.29362091792e-05
-4.7345548382e-05
-5.20582530902e-05
-5.62627314144e-05
-6.07310868617e-05
-6.46315433948e-05
-6.87623646227e-05
-7.22690009984e-05
-7.5973720026e-05
-7.89950859399e-05
-8.21773912932e-05
-8.46106427544e-05
-8.71633659166e-05
-8.88996489561e-05
-9.07179639978e-05
-9.16606006046e-05
-9.26614850611e-05
-9.27426680858e-05
-9.28741958577e-05
-9.20546644152e-05
-9.12873595379e-05
-8.9541696787e-05
-8.78514189664e-05
-8.51538160697e-05
-8.25149133765e-05
-7.88419828747e-05
-7.52394049369e-05
-7.05888028502e-05
-6.60381888084e-05
-6.04445323869e-05
-5.50004434689e-05
-4.853343371e-05
-4.22765146592e-05
-3.50208341048e-05
-2.80362864025e-05
-2.00740023358e-05
-1.24429892262e-05
-3.85653138421e-06
4.32962163223e-06
1.3435247268e-05
2.20514089919e-05
3.15298974854e-05
4.04083107261e-05
5.0077023357e-05
5.90255808696e-05
6.86926898092e-05
7.75251020309e-05
8.70155608013e-05
9.55665021172e-05
0.000104723349605
0.000112836161588
0.000121498528444
0.000129000529316
0.000136983782925
0.000143678333073
0.000150781657712
0.000156470320071
0.000162509621381
0.000167027803054
0.000171864748814
0.000175097368431
0.00017863758748
0.000180499874632
0.000182661785874
0.000183065169916
0.000183752186207
0.000182590805768
0.000181697919032
0.000178874824573
0.000176327920068
0.000171798358735
0.00016759131148
0.00016138374984
0.000155577305735
0.00014777121603
0.000140455818975
0.000131139326839
0.000122399786617
0.000111651154178
0.000101570983412
8.9485809841e-05
7.81901085462e-05
6.49282885026e-05
5.26211950271e-05
3.84237002828e-05
2.53781604262e-05
1.05293245674e-05
-2.96945710198e-06
-1.82036448134e-05
-3.19114063201e-05
-4.73142777707e-05
-6.10274567599e-05
-7.64013013649e-05
-8.99048976834e-05
-0.000105011127245
-0.000118028444124
-0.000132561632305
-0.000144761581804
-0.000158390557955
-0.000169453218975
-0.000181894665359
-0.000191573811935
-0.000202627995341
-0.00021075000137
-0.000220261914997
-0.000226659907356
-0.00023444516241
-0.000238897526374
-0.00024471280131
-0.000246957483803
-0.000250558625234
-0.000250382725863
-0.000251624935253
-0.000248950464147
-0.000247837550846
-0.000242720002917
-0.000239350994883
-0.000231886726624
-0.000226347880582
-0.000216579490655
-0.00020888914766
-0.00019680516345
-0.000186970563107
-0.000172605856127
-0.000160740386374
-0.000144277243906
-0.000130656069869
-0.000112415451989
-9.74004354676e-05
-7.77163671478e-05
-6.16113889652e-05
-4.07051259695e-05
-2.36852105519e-05
-1.67113536974e-06
1.61314930663e-05
3.90977741896e-05
5.74198911527e-05
8.09890327217e-05
9.93466948792e-05
0.000122977705567
0.000140766183889
0.000163905115391
0.000180613140605
0.000202890157989
0.000218227119771
0.000239479623955
0.000253284046944
0.000273373680474
0.000285385931123
0.000303991849591
0.000313728613086
0.000330349542122
0.000337242937759
0.00035145034596
0.000355153665511
0.000366875045456
0.000367441376025
0.000376979623877
0.000374698197279
0.000382417860431
0.000377415381563
0.000383363209678
0.000375338979016
0.000379181116549
0.000367570002909
0.000368964200887
0.000353424114723
0.00035251405473
0.000333279101565
0.000330815939117
0.000308513472749
0.000305413678044
0.000280434493332
0.000277149693755
0.000249157285655
0.000245521976009
0.000213673067537
0.000209549275666
0.000173373167138
0.000169648599842
0.000129805328688
0.000128806226295
8.68329613252e-05
9.15690002887e-05
4.84942212894e-05
6.12122346346e-05
1.60149457791e-05
3.74466641645e-05
-1.32417966722e-05
1.72903677233e-05
-4.31321168993e-05
-4.33771366617e-07
-7.36490009649e-05
-9.6328743836e-06
-9.73737740372e-05
5.59575683447e-06
-0.00010133440702
6.96468304564e-05
-7.4650482459e-05
0.000218234907645
-1.76944233794e-05
0.000542271067675
5.37274658761e-05
0.00154404802
0.000113289862261
0.013247448701
0.61254363693
0.013247448701
0.000113289862262
0.00154404802
5.37274658752e-05
0.000542271067676
-1.76944233791e-05
0.000218234907644
-7.46504824591e-05
6.9646830457e-05
-0.000101334407021
5.59575683431e-06
-9.7373774036e-05
-9.63287438434e-06
-7.36490009652e-05
-4.33771365793e-07
-4.31321169002e-05
1.72903677228e-05
-1.3241796671e-05
3.74466641646e-05
1.60149457782e-05
6.12122346353e-05
4.84942212893e-05
9.15690002873e-05
8.68329613265e-05
0.000128806226295
0.000129805328687
0.000169648599842
0.000173373167139
0.000209549275665
0.000213673067537
0.000245521976011
0.000249157285655
0.000277149693755
0.000280434493334
0.000305413678042
0.000308513472748
0.00033081593912
0.000333279101565
0.000352514054728
0.000353424114724
0.000368964200886
0.000367570002906
0.000379181116552
0.000375338979019
0.000383363209674
0.000377415381565
0.000382417860431
0.00037469819727
0.000376979623881
0.000367441376042
0.000366875045442
0.000355153665512
0.000351450345947
0.000337242937775
0.000330349542126
0.000313728613076
0.000303991849591
0.000285385931124
0.000273373680471
0.000253284046946
0.000239479623958
0.000218227119769
0.000202890157987
0.000180613140607
0.00016390511539
0.000140766183889
0.000122977705569
9.93466948783e-05
8.098903272e-05
5.74198911527e-05
3.9097774189e-05
1.61314930658e-05
-1.67113536783e-06
-2.3685210551e-05
-4.07051259707e-05
-6.1611388965e-05
-7.7716367148e-05
-9.74004354682e-05
-0.000112415451987
-0.000130656069868
-0.000144277243906
-0.000160740386375
-0.000172605856128
-0.000186970563108
-0.00019680516345
-0.000208889147658
-0.000216579490655
-0.000226347880582
-0.000231886726624
-0.000239350994884
-0.000242720002917
-0.000247837550845
-0.000248950464146
-0.000251624935254
-0.000250382725865
-0.000250558625236
-0.000246957483805
-0.000244712801308
-0.00023889752637
-0.000234445162406
-0.000226659907354
-0.000220261915
-0.000210750001378
-0.00020262799533
-0.000191573811942
-0.000181894665363
-0.000169453218974
-0.00015839055795
-0.000144761581801
-0.000132561632304
-0.000118028444125
-0.000105011127248
-8.99048976854e-05
-7.64013013647e-05
-6.10274567595e-05
-4.73142777701e-05
-3.19114063201e-05
-1.82036448139e-05
-2.96945710253e-06
1.05293245678e-05
2.53781604274e-05
3.84237002837e-05
5.26211950276e-05
6.49282885019e-05
7.8190108545e-05
8.94858098406e-05
0.000101570983412
0.000111651154178
0.000122399786617
0.000131139326838
0.000140455818975
0.00014777121603
0.000155577305735
0.00016138374984
0.000167591311481
0.000171798358735
0.000176327920067
0.000178874824572
0.000181697919031
0.000182590805768
0.000183752186207
0.000183065169916
0.000182661785873
0.000180499874631
0.00017863758748
0.000175097368431
0.000171864748816
0.000167027803056
0.00016250962138
0.000156470320072
0.000150781657712
0.00014367833307
0.000136983782926
0.000129000529321
0.00012149852844
0.000112836161588
0.0001047233496
9.55665021231e-05
8.70155608028e-05
7.75251020278e-05
6.86926898098e-05
5.90255808696e-05
5.00770233559e-05
4.04083107269e-05
3.15298974863e-05
2.20514089907e-05
1.34352472673e-05
4.32962163278e-06
-3.85653138523e-06
-1.24429892262e-05
-2.00740023345e-05
-2.80362864024e-05
-3.50208341047e-05
-4.22765146588e-05
-4.85334337103e-05
-5.50004434693e-05
-6.04445323863e-05
-6.60381888083e-05
-7.05888028509e-05
-7.52394049369e-05
-7.88419828751e-05
-8.25149133769e-05
-8.5153816069e-05
-8.7851418966e-05
-8.95416967869e-05
-9.12873595376e-05
-9.20546644151e-05
-9.28741958584e-05
-9.2742668086e-05
-9.2661485061e-05
-9.16606006054e-05
-9.07179639981e-05
-8.88996489564e-05
-8.71633659175e-05
-8.46106427544e-05
-8.21773912924e-05
-7.89950859391e-05
-7.59737200256e-05
-7.22690009972e-05
-6.87623646219e-05
-6.46315433947e-05
-6.07310868606e-05
-5.62627314148e-05
-5.20582530911e-05
-4.73455483833e-05
-4.29362091813e-05
-3.80838013285e-05
-3.35784248174e-05
-2.86950604469e-05
-2.41992075755e-05
-1.93827904007e-05
-1.49849316897e-05
-1.03134073623e-05
-6.08275257838e-06
-1.61852131804e-06
2.38539123917e-06
6.58349203302e-06
1.02999583183e-05
1.41696214925e-05
1.75358203483e-05
2.1016957938e-05
2.39781589577e-05
2.70250458463e-05
2.95460222447e-05
3.21349316101e-05
3.42018738897e-05
3.63270289803e-05
3.79388461978e-05
3.96018197339e-05
4.0760442442e-05
4.19632750654e-05
4.26712576777e-05
4.34194773262e-05
4.36870083898e-05
4.39979676566e-05
4.38502146196e-05
4.37572782381e-05
4.32341420499e-05
4.27817997215e-05
4.19291398642e-05
4.11625153328e-05
4.00228360246e-05
3.89814016748e-05
3.75913878121e-05
3.63112378711e-05
3.47077864365e-05
3.32288621016e-05
3.14558021846e-05
2.98260982011e-05
2.79342778518e-05
2.62062937468e-05
2.42472478822e-05
2.24697275794e-05
2.04878690582e-05
1.87007258774e-05
1.67316045383e-05
1.49676867933e-05
1.30428454878e-05
1.13339435879e-05
9.48593789733e-06
7.86596265232e-06
6.12890423521e-06
4.63071658486e-06
3.03413078486e-06
1.68288540591e-06
2.46236695591e-07
-9.44449917062e-07
-2.21272387798e-06
-3.2381327607e-06
-4.33576364678e-06
-5.19407113164e-06
-6.11899648949e-06
-6.80744178023e-06
-7.55675440311e-06
-8.07287059873e-06
-8.64630688376e-06
-8.99294444996e-06
-9.39703959866e-06
-9.58447580841e-06
-9.83293306434e-06
-9.87682309665e-06
-9.98617550807e-06
-9.90236600405e-06
-9.88716190433e-06
-9.68857090087e-06
-9.56075074121e-06
-9.25892738043e-06
-9.03083928473e-06
-8.63987174266e-06
-8.32806430972e-06
-7.86673717326e-06
-7.4918080938e-06
-6.98141132935e-06
-6.56446710063e-06
-6.02435176937e-06
-5.58250102834e-06
-5.02732492927e-06
-4.57293637991e-06
-4.01347681947e-06
-3.55684917044e-06
-3.00339424029e-06
-2.55563324209e-06
-2.02003853595e-06
-1.59346141556e-06
-1.08769827645e-06
-6.93179389579e-07
-2.26084582515e-07
1.29786662681e-07
5.54176997621e-07
8.69445986233e-07
1.25056640839e-06
1.5250742445e-06
1.86250700053e-06
2.09497842247e-06
2.38675305679e-06
2.57444339112e-06
2.81777913153e-06
2.95866380853e-06
3.15300039325e-06
3.24818333099e-06
3.3965608665e-06
3.45062559899e-06
3.55855204284e-06
3.57734438019e-06
3.65042517281e-06
3.6385633118e-06
3.68063240463e-06
3.64119455994e-06
3.65509469139e-06
3.59116205235e-06
3.58075004435e-06
3.49716729441e-06
3.46838012336e-06
3.37184121223e-06
3.33166251499e-06
3.22856828287e-06
3.18259023668e-06
3.07731379999e-06
3.02853675972e-06
2.922886467e-06
2.87244685015e-06
2.76740722694e-06
2.7166551671e-06
2.61391250454e-06
2.56532427438e-06
2.46797111766e-06
2.42464664056e-06
2.33533180993e-06
2.29940016204e-06
2.21928456762e-06
2.19082594189e-06
2.11917003731e-06
2.09706481176e-06
2.03264989004e-06
2.01602213191e-06
1.95844620383e-06
1.94755475136e-06
1.89750840579e-06
1.89316081808e-06
1.85112408855e-06
1.85331492309e-06
1.81850241503e-06
1.82559588087e-06
1.79569502051e-06
1.80520009541e-06
1.77771072414e-06
1.78759012595e-06
1.76100654195e-06
1.77040107935e-06
1.74453371117e-06
1.75355947623e-06
1.72848716378e-06
1.73708083296e-06
1.7122666559e-06
1.71951638741e-06
1.69370386769e-06
1.69831388773e-06
1.6703780704e-06
1.67166207913e-06
1.64151019714e-06
1.63990735693e-06
1.60835792767e-06
1.60505904036e-06
1.5731886754e-06
1.56892301069e-06
1.53712716823e-06
1.53191786066e-06
1.49976194184e-06
1.49301979042e-06
1.45999354635e-06
1.45153371596e-06
1.41784196643e-06
1.40834398641e-06
1.37495257537e-06
1.36560201135e-06
1.33363952279e-06
1.3253445521e-06
1.2954472692e-06
1.28846340819e-06
1.26053613326e-06
1.25477432159e-06
1.22872391983e-06
1.22417877091e-06
1.20028123151e-06
1.19757036324e-06
1.17664481532e-06
1.17670344596e-06
1.15941090445e-06
1.16265590625e-06
1.14912225363e-06
1.15517679249e-06
1.14467752798e-06
1.15283906146e-06
1.14460354743e-06
1.15409614178e-06
1.14750213801e-06
1.15808626458e-06
1.15317803748e-06
1.16482017838e-06
1.16142359225e-06
1.17388812311e-06
1.17158962377e-06
1.18420949498e-06
1.18207559035e-06
1.19387663423e-06
1.19100873664e-06
1.20127628632e-06
1.19704542558e-06
1.2054277441e-06
1.1997949767e-06
1.20626504048e-06
1.19904055153e-06
1.20341522387e-06
1.19430768567e-06
1.19606899387e-06
1.1842809021e-06
1.18269052682e-06
1.1677361082e-06
1.16230729044e-06
1.14379320359e-06
1.13450176489e-06
1.11269689149e-06
1.09990697364e-06
1.07498570801e-06
1.05894170684e-06
1.03126235681e-06
1.01214287197e-06
9.81578037226e-07
9.59404089566e-07
9.26350110274e-07
9.01453098448e-07
8.66141224735e-07
8.39130876528e-07
8.02454895073e-07
7.74156443569e-07
7.36812711186e-07
7.07956056761e-07
6.70683524547e-07
6.41813089552e-07
6.0482934651e-07
5.76256161458e-07
5.40124016743e-07
5.12266224654e-07
4.77263824883e-07
4.50766168763e-07
4.17816328358e-07
3.93457301061e-07
3.63055676997e-07
3.41446700499e-07
3.14380096754e-07
2.95920100902e-07
2.72194683679e-07
2.57155597088e-07
2.3723924711e-07
2.25895224896e-07
2.09816240611e-07
2.02484404509e-07
1.91029447965e-07
1.88130687639e-07
1.80937873342e-07
1.82717416629e-07
1.80828237377e-07
1.87227421925e-07
1.89690558839e-07
2.00449914235e-07
2.07610315569e-07
2.22527244422e-07
2.33442542665e-07
2.52284463093e-07
2.6758956885e-07
2.9025535048e-07
3.08813930968e-07
3.34999770024e-07
3.57545822953e-07
3.86838508156e-07
4.11465293498e-07
4.43241515639e-07
4.71060382728e-07
5.04808652509e-07
5.32955555799e-07
5.68174726327e-07
5.99137278653e-07
6.35484673384e-07
6.64241149156e-07
7.01106476688e-07
7.33378606433e-07
7.70231414781e-07
7.90981972192e-07
8.26715278896e-07
8.57346223694e-07
8.91729618079e-07
2.06095996131e-08
2.16508830555e-08
2.25418883196e-08
2.35819249911e-08
6.24601049593e-09
6.54915307407e-09
6.79258806751e-09
7.10140514056e-09
3.42380177581e-09
3.58006084853e-09
3.69590092849e-09
3.8572974664e-09
2.32606684897e-09
2.42588467582e-09
2.49351377358e-09
2.59754333336e-09
1.76970057954e-09
1.84148978683e-09
1.88570894622e-09
1.96087010989e-09
1.44609517258e-09
1.50179909976e-09
1.53295555019e-09
1.59138439748e-09
1.24187550613e-09
1.28740492076e-09
1.31053719375e-09
1.35819409542e-09
1.10452576077e-09
1.14286863267e-09
1.16036766265e-09
1.20044409476e-09
8.21516859318e-10
8.47220023798e-10
8.54306143682e-10
8.81368810775e-10
7.23646264163e-10
7.45419115573e-10
7.49964075272e-10
7.73053931363e-10
6.48710309142e-10
6.67800503689e-10
6.70672242813e-10
6.90930801433e-10
5.89238306334e-10
6.06327383554e-10
6.08059261893e-10
6.26172439699e-10
5.41403963842e-10
5.5692713317e-10
5.57846540648e-10
5.74259615764e-10
5.02516139462e-10
5.16768630629e-10
5.17090086151e-10
5.32121110747e-10
4.70571058106e-10
4.83763430593e-10
4.83621580062e-10
4.97480627959e-10
4.43674879918e-10
4.55913828206e-10
4.55305519602e-10
4.68255958774e-10
3.79142768832e-10
3.88982677937e-10
3.86593657765e-10
3.96849156918e-10
3.53265453448e-10
3.6228143254e-10
3.59728897175e-10
3.69240428724e-10
3.31196123119e-10
3.39667614974e-10
3.3702971633e-10
3.45964713818e-10
3.12030726362e-10
3.2005484669e-10
3.17385668363e-10
3.25834265805e-10
2.95341571356e-10
3.02974924026e-10
3.00300789201e-10
3.08319356551e-10
2.80755344869e-10
2.88036908358e-10
2.85371672093e-10
2.93005034562e-10
2.67936923666e-10
2.74895894097e-10
2.72241215518e-10
2.79518007614e-10
2.5643519723e-10
2.63082925913e-10
2.60383143864e-10
2.67458117159e-10
2.29912403443e-10
2.3570267567e-10
2.32444172353e-10
2.38407258708e-10
2.18123218053e-10
2.23539836675e-10
2.20347497392e-10
2.2602285947e-10
2.07652538701e-10
2.12850950269e-10
2.09730490266e-10
2.15179409548e-10
1.98240849997e-10
2.03253022466e-10
2.00212835117e-10
2.05461856628e-10
1.89773316877e-10
1.94613439869e-10
1.91653623301e-10
1.96716258709e-10
1.82134048532e-10
1.86812954227e-10
1.83930022477e-10
1.88817694531e-10
1.75212091812e-10
1.79735748451e-10
1.76921547861e-10
1.81641711729e-10
1.68817702942e-10
1.7319056238e-10
1.703972573e-10
1.75088296939e-10
1.55088590468e-10
1.59064941598e-10
1.56054221578e-10
1.60125173858e-10
1.48432420391e-10
1.52176170504e-10
1.49256943721e-10
1.53170277292e-10
1.42381963698e-10
1.46003517679e-10
1.4316775818e-10
1.4695801103e-10
1.36839804113e-10
1.40355260256e-10
1.37603644208e-10
1.4128211997e-10
1.3176050918e-10
1.35175796605e-10
1.3250507643e-10
1.36076572491e-10
1.27094831487e-10
1.30413392009e-10
1.27818832958e-10
1.31287974747e-10
1.2279086844e-10
1.26015158028e-10
1.23489111383e-10
1.26859918203e-10
1.18748958541e-10
1.21883314702e-10
1.1938747115e-10
1.22788039078e-10
1.10718869198e-10
1.13642205857e-10
1.11056695444e-10
1.14049403637e-10
1.06507319422e-10
1.09265427459e-10
1.06764025212e-10
1.09653495892e-10
1.02617432174e-10
1.05294626419e-10
1.02866174444e-10
1.05675704382e-10
9.90105772378e-11
1.01616495038e-10
9.92601147115e-11
1.01995992428e-10
9.56646397689e-11
9.82025574805e-11
9.59150999026e-11
9.85800132577e-11
9.25542840129e-11
9.50261262645e-11
9.2803720636e-11
9.53998474979e-11
8.96515168332e-11
9.20585988239e-11
8.9895274911e-11
9.24256358166e-11
8.68969174024e-11
8.9244132352e-11
8.71081101045e-11
8.96918429481e-11
8.18345976616e-11
8.40584347479e-11
8.1888638891e-11
8.4176998512e-11
7.89769063582e-11
8.10770399846e-11
7.8978413107e-11
8.1191791868e-11
7.63061091052e-11
7.83470908786e-11
7.63094222344e-11
7.84655888865e-11
7.38076689376e-11
7.57969504755e-11
7.38185192752e-11
7.59217036779e-11
7.14702355869e-11
7.3409725889e-11
7.14883015977e-11
7.35400768774e-11
6.92794403932e-11
7.11703800797e-11
6.93023906385e-11
7.13044170913e-11
6.72182628015e-11
6.90614302179e-11
6.72426610699e-11
6.91979466487e-11
6.5248764366e-11
6.7049780219e-11
6.52536108607e-11
6.72708322104e-11
6.18942021243e-11
6.36179859178e-11
6.18145406454e-11
6.36045633984e-11
5.98641451569e-11
6.14929355251e-11
5.974841367e-11
6.14812607292e-11
5.79494337281e-11
5.95333840746e-11
5.78389030503e-11
5.95285669505e-11
5.61468674057e-11
5.76914137221e-11
5.60453651534e-11
5.76950769625e-11
5.44501627431e-11
5.59568957299e-11
5.4357143678e-11
5.59682438962e-11
5.28503391335e-11
5.43202220948e-11
5.27644921332e-11
5.43380997518e-11
5.13367785125e-11
5.27706372147e-11
5.12552967645e-11
5.27940061417e-11
4.98844370758e-11
5.12869707377e-11
4.97901403297e-11
5.13928765364e-11
4.75839328547e-11
4.89355242039e-11
4.7443791678e-11
4.88654675476e-11
4.60974313267e-11
4.73753463409e-11
4.59322154351e-11
4.73087159812e-11
4.46854857031e-11
4.59287085009e-11
4.45265006025e-11
4.58695982703e-11
4.3350256005e-11
4.45628608331e-11
4.3200244062e-11
4.45126134086e-11
4.20878828554e-11
4.32715148514e-11
4.19464634001e-11
4.3229183757e-11
4.08931270362e-11
4.20481890548e-11
4.07591004832e-11
4.2013036145e-11
3.97585977158e-11
4.08859491044e-11
3.96299678137e-11
4.08577356591e-11
3.86673306109e-11
3.97712690664e-11
3.85302220789e-11
3.98206106223e-11
3.70525793678e-11
3.81213938778e-11
3.68911155617e-11
3.80336912986e-11
3.59435486861e-11
3.69554525441e-11
3.57647465324e-11
3.68715635353e-11
3.48849117141e-11
3.58696609467e-11
3.47123887504e-11
3.57932280299e-11
3.38807184771e-11
3.484183077e-11
3.37166972038e-11
3.47735997007e-11
3.29290507709e-11
3.38675825865e-11
3.27731968287e-11
3.38072086831e-11
3.20262152114e-11
3.29428420932e-11
3.18777458963e-11
3.28897026011e-11
3.11674439223e-11
3.2062785243e-11
3.10248319855e-11
3.20169241007e-11
3.03409076919e-11
3.12188052221e-11
3.01926869527e-11
3.12447199148e-11
2.91920963457e-11
3.00448559446e-11
2.90313470516e-11
2.99611856752e-11
2.83578651409e-11
2.91670759804e-11
2.81856623389e-11
2.90869502105e-11
2.75591078422e-11
2.83473158491e-11
2.73931589421e-11
2.82743110317e-11
2.68005611465e-11
2.75706669599e-11
2.66424891314e-11
2.75053439485e-11
2.60811282731e-11
2.68340737876e-11
2.59308136832e-11
2.67762326769e-11
2.53985260722e-11
2.61348032274e-11
2.52553127132e-11
2.60840622147e-11
2.47493866833e-11
2.54697008353e-11
2.46120293643e-11
2.54263444384e-11
2.4125454212e-11
2.48330430705e-11
2.3984648835e-11
2.48556420492e-11
2.33050922379e-11
2.39947694402e-11
2.31588484291e-11
2.39277636628e-11
2.26801078601e-11
2.33365005583e-11
2.25264008581e-11
2.32727352692e-11
2.20807188492e-11
2.27213075101e-11
2.19330266961e-11
2.26642865667e-11
2.15120728108e-11
2.21391178149e-11
2.13717781931e-11
2.20893767212e-11
2.09736824435e-11
2.15881602036e-11
2.08407282622e-11
2.15455201825e-11
2.04640608767e-11
2.10663120771e-11
2.03379546216e-11
2.10307830507e-11
1.99808268193e-11
2.05716747452e-11
1.98605504651e-11
2.0543460954e-11
1.95183418123e-11
2.01003976445e-11
1.93961455143e-11
2.01330556202e-11
1.89390198051e-11
1.95083630411e-11
1.88151931728e-11
1.94661673414e-11
1.84794555247e-11
1.90239554846e-11
1.83512176268e-11
1.89846824992e-11
1.80392106312e-11
1.85723402263e-11
1.79168787674e-11
1.85395826897e-11
1.76233475179e-11
1.81470565199e-11
1.75079348079e-11
1.81213334026e-11
1.72318053574e-11
1.77468385449e-11
1.712333365e-11
1.77281242126e-11
1.68636240092e-11
1.73704464887e-11
1.67617707196e-11
1.73586851416e-11
1.65172482798e-11
1.70164051775e-11
1.64211336653e-11
1.70121883023e-11
1.61884957074e-11
1.66824583272e-11
1.60916583961e-11
1.67352238434e-11
1.57934498007e-11
1.62788896277e-11
1.56972459411e-11
1.62674139489e-11
1.54703492869e-11
1.59377709682e-11
1.53717666433e-11
1.59289765778e-11
1.51623711039e-11
1.56222313156e-11
1.50694604421e-11
1.56200242348e-11
1.48744208693e-11
1.53286316338e-11
1.47881904303e-11
1.53333311744e-11
1.46068875707e-11
1.50559827864e-11
1.45273513007e-11
1.50677722627e-11
1.43592045361e-11
1.48036284359e-11
1.4286028219e-11
1.4822540937e-11
1.41302286286e-11
1.45705376135e-11
1.40627881965e-11
1.45972792522e-11
1.39170404771e-11
1.4355361132e-11
1.38496925102e-11
1.44370129831e-11
1.36701193095e-11
1.41035295744e-11
1.36044258193e-11
1.41279492035e-11
1.3464306169e-11
1.38853091604e-11
1.33978160429e-11
1.39124464979e-11
1.32708566475e-11
1.36879199653e-11
1.3209948493e-11
1.37217148978e-11
1.30947711103e-11
1.35094386104e-11
1.30402241197e-11
1.35504288302e-11
1.29365632034e-11
1.33494463835e-11
1.288841372e-11
1.33978198188e-11
1.27960042113e-11
1.32074551358e-11
1.27540774369e-11
1.32633586879e-11
1.26722738886e-11
1.30829257468e-11
1.26360389578e-11
1.31472019995e-11
1.25633616629e-11
1.2975098959e-11
1.25277028267e-11
1.30945269009e-11
1.2442519232e-11
1.28526470054e-11
1.2409073273e-11
1.29186110685e-11
1.23424305439e-11
1.27447737913e-11
1.2309062831e-11
1.28134675434e-11
1.2252781463e-11
1.26544720604e-11
1.22248248117e-11
1.27303024217e-11
1.21788620649e-11
1.25813466526e-11
1.21570708945e-11
1.26648900683e-11
1.21214639149e-11
1.25252987986e-11
1.210589091e-11
1.26168261799e-11
1.20805065477e-11
1.24861348196e-11
1.20710202472e-11
1.25859637863e-11
1.20555800977e-11
1.24635272211e-11
1.20517044283e-11
1.25726710458e-11
1.20452162465e-11
1.24573505741e-11
1.20420932238e-11
1.26246853942e-11
