# optimized from harmonic_base.txt on 2026-01-16T18:30:11
# original_taps=777 new_taps=777
# scale_factor=0.417623107992 # comp_db=7.584
-8.26493052605e-08
-8.03513130449e-08
-7.9837106425e-08
-7.71059507637e-08
-7.47694779917e-08
-7.16464473508e-08
-6.86139418553e-08
-6.51139150707e-08
-6.15947643072e-08
-5.77344647657e-08
-5.38074626877e-08
-4.96035857398e-08
-4.53097136451e-08
-4.07805054565e-08
-3.61587241076e-08
-3.13311443442e-08
-2.64151560737e-08
-2.13229567663e-08
-1.61481474713e-08
-1.08270832724e-08
-5.43899402662e-09
6.3109764165e-11
5.61303177467e-09
1.12470191749e-08
1.69030505416e-08
2.26020411906e-08
2.82964664765e-08
3.39965305218e-08
3.9654768496e-08
4.52749957497e-08
5.08141870562e-08
5.62749748996e-08
6.1591583536e-08
6.67943552513e-08
7.18212358356e-08
7.66708104234e-08
8.12982702041e-08
8.56900400885e-08
8.98078559213e-08
9.36451507237e-08
9.71516152201e-08
1.00324598094e-07
1.03116467161e-07
1.05525176141e-07
1.07510105449e-07
1.09066581246e-07
1.10153309906e-07
1.1077155091e-07
1.10883774453e-07
1.10497946175e-07
1.09581409055e-07
1.08136788024e-07
1.06149690197e-07
1.03626948664e-07
1.00556233059e-07
9.69493201259e-08
9.28099755368e-08
8.81519557788e-08
8.2981891938e-08
7.73354977614e-08
7.12183642741e-08
6.46797886276e-08
5.77350275712e-08
5.04330053637e-08
4.28048254564e-08
3.49145598321e-08
2.67995176545e-08
1.8530746437e-08
1.01520573777e-08
1.74663415395e-09
-6.62887821458e-09
-1.48893749426e-08
-2.29764371294e-08
-3.07915830593e-08
-3.82689321801e-08
-4.53020036878e-08
-5.1828921608e-08
-5.77421499717e-08
-6.2959854599e-08
-6.73858322967e-08
-7.09438076422e-08
-7.35248050319e-08
-7.50523514113e-08
-7.54312490197e-08
-7.45862349601e-08
-7.24240262858e-08
-6.88784530147e-08
-6.38595122449e-08
-5.73043598294e-08
-4.91421903631e-08
-3.93148842939e-08
-2.77730020348e-08
-1.44577130956e-08
6.72753369945e-10
1.76458742346e-08
3.64942166955e-08
5.72310426796e-08
7.98933431678e-08
1.04457873206e-07
1.30951008394e-07
1.59330709862e-07
1.89609340266e-07
2.21738670821e-07
2.55698357365e-07
2.91441586713e-07
3.28931513618e-07
3.68104085356e-07
4.08914177347e-07
4.51270676126e-07
4.95128020488e-07
5.4040538491e-07
5.87009573419e-07
6.34869742062e-07
6.83892689978e-07
7.3398850225e-07
7.85074847076e-07
8.37042425084e-07
8.89810203787e-07
9.43270263841e-07
9.97333058389e-07
1.05189290813e-06
1.10686272267e-06
1.16214012962e-06
1.21763028403e-06
1.27323475514e-06
1.32885130325e-06
1.38438566297e-06
1.43974059755e-06
1.49480032186e-06
1.54949020821e-06
1.60367539825e-06
1.65726911406e-06
1.71013190168e-06
1.76215717876e-06
1.81320991834e-06
1.86316288604e-06
1.91184690555e-06
1.95911205198e-06
2.00477811669e-06
2.04865797091e-06
2.09051916398e-06
2.13016045179e-06
2.16730787544e-06
2.20168872272e-06
2.23301185707e-06
2.26091472138e-06
2.28507149413e-06
2.30506796438e-06
2.32048253664e-06
2.33084522929e-06
2.33566223094e-06
2.33440368684e-06
2.32649992115e-06
2.31131164192e-06
2.28821858923e-06
2.25651344124e-06
2.21547574285e-06
2.16432683968e-06
2.10225705103e-06
2.02844525608e-06
1.94200415441e-06
1.84202468935e-06
1.72759107556e-06
1.59774503484e-06
1.45149540276e-06
1.28787352317e-06
1.10586166224e-06
9.04466813088e-07
6.82664629571e-07
4.39493673962e-07
1.73928321704e-07
-1.14973726588e-07
-4.28124789133e-07
-7.66439903953e-07
-1.13074449285e-06
-1.52182512244e-06
-1.94040934842e-06
-2.38712323555e-06
-2.86254594454e-06
-3.36710952944e-06
-3.9011714183e-06
-4.46499139289e-06
-5.05866860224e-06
-5.68217503366e-06
-6.33535159019e-06
-7.01784145147e-06
-7.72918718952e-06
-8.46868159107e-06
-9.23550659329e-06
-1.00286028031e-05
-1.08467486858e-05
-1.16884682141e-05
-1.25521785021e-05
-1.34359391612e-05
-1.4337717751e-05
-1.52551815075e-05
-1.6185823829e-05
-1.71268958246e-05
-1.80753978748e-05
-1.9028167501e-05
-1.99817824422e-05
-2.09326049538e-05
-2.18767973401e-05
-2.28103446843e-05
-2.37290268274e-05
-2.46283954227e-05
-2.55038842924e-05
-2.6350766115e-05
-2.71641480235e-05
-2.79389732867e-05
-2.86701630065e-05
-2.93524272612e-05
-2.99805051386e-05
-3.05490008557e-05
-3.10525029815e-05
-3.14856192613e-05
-3.18428989653e-05
-3.21189689788e-05
-3.23085068746e-05
-3.24062542506e-05
-3.2407039934e-05
-3.23058716532e-05
-3.20978849535e-05
-3.17783829453e-05
-3.13429193824e-05
-3.07871728081e-05
-3.01072268517e-05
-2.92993386187e-05
-2.8360131828e-05
-2.7286477879e-05
-2.60757163194e-05
-2.47254836958e-05
-2.32337967733e-05
-2.15991277236e-05
-1.98203513058e-05
-1.78968488052e-05
-1.58283692585e-05
-1.36152194101e-05
-1.12581518502e-05
-8.75838509077e-06
-6.11774775987e-06
-3.33846993237e-06
-4.23325765042e-07
2.62431594012e-06
5.80063799065e-06
9.10135701196e-06
1.25215477484e-05
1.60558903416e-05
1.96984955861e-05
2.34430055192e-05
2.72825992827e-05
3.12099440642e-05
3.52173240806e-05
3.92965318283e-05
4.34389370288e-05
4.76355636895e-05
5.18770044465e-05
5.61535697554e-05
6.04550987992e-05
6.47712679457e-05
6.9091380309e-05
7.34045440239e-05
7.76995578072e-05
8.19650917687e-05
8.61895416427e-05
9.03612442885e-05
9.44683633992e-05
9.8498979747e-05
0.000102441041454
0.000106282518803
0.000110011325565
0.00011361537513
0.000117082634811
0.000120401083339
0.000123558765359
0.000126543884111
0.000129344620864
0.000131949430683
0.000134346828382
0.000136525515179
0.000138474403256
0.000140182502491
0.000141639117545
0.000142833734019
0.000143756113674
0.00014439614385
0.000144744036964
0.000144790285753
0.000144525545626
0.000143940770441
0.000143027228672
0.000141776391341
0.000140180062799
0.000138230224379
0.00013591927572
0.000133239769594
0.000130184617207
0.000126747003646
0.000122920336636
0.000118698419716
0.000114075217156
0.000109045172355
0.00010360282626
9.77432096252e-05
9.14615340817e-05
8.47534000596e-05
7.76147471168e-05
7.00418014334e-05
6.20311751329e-05
5.35798510792e-05
4.46851701825e-05
3.53448911636e-05
2.55571399389e-05
1.53205454545e-05
4.63415152377e-06
-6.5025999198e-06
-1.80896904539e-05
-3.01265789558e-05
-4.26122913883e-05
-5.55451677982e-05
-6.89229914215e-05
-8.27429998603e-05
-9.70017125996e-05
-0.000111694980245
-0.000126817998627
-0.00014236520888
-0.00015833030987
-0.000174706197015
-0.000191484975007
-0.000208657895889
-0.00022621541459
-0.000244147044668
-0.000262441413968
-0.000281086242776
-0.000300068278233
-0.000319373353359
-0.000338986361713
-0.000358891157751
-0.000379070651427
-0.000399506749285
-0.000420180410181
-0.000441071627457
-0.000462159364735
-0.000483421659646
-0.000504835600822
-0.00052637743353
-0.000548022334852
-0.000569744804103
-0.000591518398512
-0.000613315922427
-0.00063510940739
-0.000656870139828
-0.000678568806783
-0.000700175520237
-0.000721659806765
-0.000742990673454
-0.000764136797326
-0.000785066474853
-0.000805747687805
-0.000826148341425
-0.000846236125775
-0.000865978753943
-0.000885343951044
-0.000904299647985
-0.000922813929725
-0.000940855233991
-0.000958392420433
-0.000975394846989
-0.000991832438976
-0.00100767572405
-0.00102289619197
-0.00103746599754
-0.00105135832023
-0.00106454731588
-0.00107700835162
-0.0010887178738
-0.00109965364232
-0.00110979476427
-0.00111912163601
-0.0011276163093
-0.00113526218218
-0.00114204440592
-0.00114794965801
-0.00115296629743
-0.00115708442968
-0.00116029593125
-0.00116259443491
-0.00116397535267
0.5
-0.0011639753527
-0.00116259443489
-0.00116029593126
-0.00115708442967
-0.00115296629743
-0.001147949658
-0.00114204440592
-0.00113526218218
-0.0011276163093
-0.00111912163601
-0.00110979476427
-0.00109965364232
-0.00108871787381
-0.00107700835162
-0.00106454731588
-0.00105135832023
-0.00103746599754
-0.00102289619196
-0.00100767572406
-0.000991832438974
-0.000975394846991
-0.000958392420432
-0.000940855233992
-0.000922813929725
-0.000904299647987
-0.000885343951043
-0.000865978753944
-0.000846236125775
-0.000826148341426
-0.000805747687804
-0.000785066474854
-0.000764136797326
-0.000742990673455
-0.000721659806765
-0.000700175520238
-0.000678568806782
-0.000656870139829
-0.00063510940739
-0.000613315922428
-0.00059151839851
-0.000569744804104
-0.000548022334852
-0.00052637743353
-0.000504835600822
-0.000483421659647
-0.000462159364735
-0.000441071627457
-0.000420180410181
-0.000399506749286
-0.000379070651426
-0.000358891157752
-0.000338986361712
-0.00031937335336
-0.000300068278232
-0.000281086242777
-0.000262441413967
-0.000244147044669
-0.000226215414589
-0.000208657895889
-0.000191484975006
-0.000174706197016
-0.00015833030987
-0.000142365208881
-0.000126817998625
-0.000111694980246
-9.70017125996e-05
-8.27429998608e-05
-6.89229914211e-05
-5.55451677985e-05
-4.26122913877e-05
-3.01265789561e-05
-1.80896904532e-05
-6.50259992023e-06
4.63415152398e-06
1.53205454543e-05
2.55571399389e-05
3.53448911632e-05
4.46851701825e-05
5.3579851079e-05
6.20311751333e-05
7.00418014332e-05
7.76147471173e-05
8.47534000589e-05
9.14615340822e-05
9.77432096247e-05
0.00010360282626
0.000109045172354
0.000114075217156
0.000118698419716
0.000122920336637
0.000126747003646
0.000130184617207
0.000133239769594
0.000135919275721
0.000138230224379
0.000140180062799
0.000141776391341
0.000143027228672
0.00014394077044
0.000144525545626
0.000144790285752
0.000144744036964
0.00014439614385
0.000143756113675
0.000142833734018
0.000141639117545
0.000140182502491
0.000138474403256
0.000136525515179
0.000134346828382
0.000131949430682
0.000129344620864
0.00012654388411
0.000123558765358
0.00012040108334
0.000117082634811
0.00011361537513
0.000110011325565
0.000106282518803
0.000102441041453
9.84989797471e-05
9.44683633994e-05
9.03612442883e-05
8.61895416427e-05
8.19650917685e-05
7.76995578073e-05
7.34045440239e-05
6.90913803095e-05
6.47712679455e-05
6.04550987992e-05
5.61535697552e-05
5.18770044468e-05
4.76355636891e-05
4.3438937029e-05
3.92965318278e-05
3.5217324081e-05
3.1209944064e-05
2.72825992828e-05
2.34430055193e-05
1.96984955859e-05
1.60558903418e-05
1.25215477484e-05
9.101357012e-06
5.80063799072e-06
2.62431593996e-06
-4.23325764543e-07
-3.33846993286e-06
-6.1177477595e-06
-8.75838509134e-06
-1.12581518497e-05
-1.36152194101e-05
-1.58283692588e-05
-1.78968488052e-05
-1.98203513061e-05
-2.15991277233e-05
-2.32337967734e-05
-2.4725483696e-05
-2.60757163194e-05
-2.72864778793e-05
-2.83601318273e-05
-2.92993386189e-05
-3.01072268513e-05
-3.07871728087e-05
-3.13429193824e-05
-3.17783829447e-05
-3.20978849538e-05
-3.23058716529e-05
-3.24070399348e-05
-3.24062542504e-05
-3.23085068737e-05
-3.21189689795e-05
-3.18428989643e-05
-3.14856192645e-05
-3.10525029776e-05
-3.05490008558e-05
-2.99805051414e-05
-2.93524272613e-05
-2.86701630025e-05
-2.79389732899e-05
-2.71641480225e-05
-2.63507661157e-05
-2.55038842916e-05
-2.46283954223e-05
-2.37290268285e-05
-2.28103446837e-05
-2.18767973405e-05
-2.0932604953e-05
-1.99817824425e-05
-1.90281675015e-05
-1.80753978746e-05
-1.7126895825e-05
-1.61858238282e-05
-1.52551815081e-05
-1.4337717751e-05
-1.34359391614e-05
-1.2552178502e-05
-1.16884682138e-05
-1.08467486861e-05
-1.00286028031e-05
-9.23550659319e-06
-8.46868159099e-06
-7.72918718941e-06
-7.01784145177e-06
-6.33535159005e-06
-5.68217503382e-06
-5.05866860202e-06
-4.46499139295e-06
-3.90117141833e-06
-3.36710952937e-06
-2.86254594457e-06
-2.38712323551e-06
-1.94040934853e-06
-1.52182512264e-06
-1.13074449263e-06
-7.66439904041e-07
-4.28124788928e-07
-1.14973726787e-07
1.7392832192e-07
4.39493673903e-07
6.82664629581e-07
9.0446681307e-07
1.10586166203e-06
1.28787352337e-06
1.45149540258e-06
1.59774503503e-06
1.72759107563e-06
1.84202468902e-06
1.94200415463e-06
2.02844525583e-06
2.10225705145e-06
2.16432683929e-06
2.21547574315e-06
2.25651344096e-06
2.28821858945e-06
2.31131164188e-06
2.3264999212e-06
2.33440368667e-06
2.33566223111e-06
2.3308452293e-06
2.32048253655e-06
2.30506796424e-06
2.28507149438e-06
2.26091472118e-06
2.23301185728e-06
2.20168872261e-06
2.16730787547e-06
2.13016045179e-06
2.09051916386e-06
2.04865797103e-06
2.00477811665e-06
1.95911205196e-06
1.91184690554e-06
1.86316288605e-06
1.81320991846e-06
1.76215717867e-06
1.71013190178e-06
1.65726911397e-06
1.60367539832e-06
1.54949020819e-06
1.49480032184e-06
1.43974059751e-06
1.38438566298e-06
1.32885130326e-06
1.27323475526e-06
1.21763028393e-06
1.1621401296e-06
1.10686272267e-06
1.05189290817e-06
9.97333058361e-07
9.43270263759e-07
8.89810203797e-07
8.37042425176e-07
7.85074847146e-07
7.33988502236e-07
6.83892689877e-07
6.34869742097e-07
5.87009573373e-07
5.4040538505e-07
4.95128020386e-07
4.51270676106e-07
4.08914177351e-07
3.681040855e-07
3.28931513625e-07
2.91441586603e-07
2.55698357253e-07
2.21738670832e-07
1.89609340462e-07
1.59330709733e-07
1.30951008498e-07
1.04457873248e-07
7.98933430649e-08
5.72310426788e-08
3.64942167053e-08
1.76458742186e-08
6.72753416147e-10
-1.44577131295e-08
-2.77730019738e-08
-3.93148844189e-08
-4.91421902902e-08
-5.7304359864e-08
-6.38595122176e-08
-6.88784529669e-08
-7.24240263421e-08
-7.45862349573e-08
-7.54312490856e-08
-7.50523512964e-08
-7.3524805128e-08
-7.09438076256e-08
-6.73858323368e-08
-6.29598545712e-08
-5.77421499243e-08
-5.18289216787e-08
-4.5302003669e-08
-3.8268932172e-08
-3.0791583053e-08
-2.29764371128e-08
-1.48893749976e-08
-6.62887820112e-09
1.74663414593e-09
1.01520574364e-08
1.85307464374e-08
2.67995176388e-08
3.49145598248e-08
4.28048254758e-08
5.04330053773e-08
5.77350275583e-08
6.4679788553e-08
7.12183643262e-08
7.73354977557e-08
8.2981891985e-08
8.81519557678e-08
9.28099755048e-08
9.69493201392e-08
1.00556233043e-07
1.03626948682e-07
1.06149690157e-07
1.08136787989e-07
1.09581409067e-07
1.10497946217e-07
1.10883774512e-07
1.10771550827e-07
1.1015330994e-07
1.09066581242e-07
1.07510105509e-07
1.05525176069e-07
1.03116467053e-07
1.00324598045e-07
9.71516153728e-08
9.36451509652e-08
8.98078559136e-08
8.5690039705e-08
8.12982705408e-08
7.66708100259e-08
7.18212358587e-08
6.67943554536e-08
6.15915837147e-08
5.62749748527e-08
5.08141869317e-08
4.5274995702e-08
3.96547685338e-08
3.39965305654e-08
2.82964664199e-08
2.26020411895e-08
1.69030505646e-08
1.12470192336e-08
5.6130318086e-09
6.31097051765e-11
-5.43899406127e-09
-1.08270832993e-08
-1.6148147419e-08
-2.13229567855e-08
-2.64151560792e-08
-3.13311443541e-08
-3.61587240765e-08
-4.0780505423e-08
-4.53097136753e-08
-4.96035857617e-08
-5.38074626896e-08
-5.77344647708e-08
-6.15947642894e-08
-6.51139150913e-08
-6.86139418548e-08
-7.16464473418e-08
-7.47694779794e-08
-7.71059507535e-08
-7.98371064482e-08
-8.03513130602e-08
-8.26493052557e-08
