# optimized from harmonic_med.txt on 2026-01-16T18:30:11
# original_taps=777 new_taps=777
# scale_factor=0.437021190938 # comp_db=7.190
-3.28584198742e-08
-3.09835908774e-08
-2.98904022146e-08
-2.79570955051e-08
-2.62464783506e-08
-2.42859333136e-08
-2.24272812436e-08
-2.04480302242e-08
-1.85268440927e-08
-1.65359411956e-08
-1.45832509453e-08
-1.25835900422e-08
-1.06092557668e-08
-8.60359605029e-09
-6.61841441622e-09
-4.61280514551e-09
-2.62278614673e-09
-6.17771493555e-10
1.37128703942e-09
3.36806937011e-09
5.34371892225e-09
7.32653380203e-09
9.28511368534e-09
1.12436594271e-08
1.31770117282e-08
1.50994676539e-08
1.69912309105e-08
1.88673329776e-08
2.07060262997e-08
2.25201899114e-08
2.42888242053e-08
2.60232281862e-08
2.76978115058e-08
2.93325936014e-08
3.09059394557e-08
3.24217787171e-08
3.38608179151e-08
3.5228589644e-08
3.65139483748e-08
3.77093537633e-08
3.8807582097e-08
3.98036474522e-08
4.06861058516e-08
4.14531272966e-08
4.20885549486e-08
4.25980336013e-08
4.29567995733e-08
4.3169452168e-08
4.32236831716e-08
4.3119109357e-08
4.28347313686e-08
4.23733412781e-08
4.17278101745e-08
4.08909212536e-08
3.9860850148e-08
3.86248135277e-08
3.71863034831e-08
3.55368802317e-08
3.36809607753e-08
3.16100087101e-08
2.93342927142e-08
2.68460272584e-08
2.41509020642e-08
2.12632046856e-08
1.81775888751e-08
1.4908082513e-08
1.14672869631e-08
7.8669476704e-09
4.12400262183e-09
2.58168565398e-10
-3.71682482639e-09
-7.76715649473e-09
-1.18695543982e-08
-1.59994928755e-08
-2.01114951175e-08
-2.41836544164e-08
-2.81666137796e-08
-3.20147181684e-08
-3.56938044497e-08
-3.91336228858e-08
-4.22951421032e-08
-4.51160134341e-08
-4.75387372686e-08
-4.94813313514e-08
-5.08940895507e-08
-5.1696453923e-08
-5.18111950162e-08
-5.11586462274e-08
-4.96626792898e-08
-4.72296763092e-08
-4.37849026059e-08
-3.92207393714e-08
-3.34554930303e-08
-2.63994624322e-08
-1.7940702867e-08
-7.99931621704e-09
3.51595736141e-09
1.67267484826e-08
3.17042103556e-08
4.85554952925e-08
6.73658277933e-08
8.8237821805e-08
1.11242887212e-07
1.36468278753e-07
1.63996935501e-07
1.93899597997e-07
2.26241454691e-07
2.6108448276e-07
2.98463804926e-07
3.38450242759e-07
3.81046758116e-07
4.26301283282e-07
4.7420237821e-07
5.24751603138e-07
5.77941031819e-07
6.33744247926e-07
6.92091643342e-07
7.52946461882e-07
8.16216962913e-07
8.81810336903e-07
9.49609802824e-07
1.01948509621e-06
1.09126894448e-06
1.16480179066e-06
1.23987443625e-06
1.316271553e-06
1.39376275134e-06
1.47207366651e-06
1.5509250679e-06
1.62999467443e-06
1.7089644889e-06
1.787482735e-06
1.86516670933e-06
1.94160951008e-06
2.01639798522e-06
2.08908141858e-06
2.15918840388e-06
2.22624938595e-06
2.28974683718e-06
2.34915079036e-06
2.40392401314e-06
2.4535165716e-06
2.49735839837e-06
2.5348374244e-06
2.56536415793e-06
2.58833684333e-06
2.60313396226e-06
2.60912216254e-06
2.60567821531e-06
2.59218435651e-06
2.56798827768e-06
2.53247528611e-06
2.48501295304e-06
2.42499328181e-06
2.35180804971e-06
2.26487626848e-06
2.1636023963e-06
2.04745336163e-06
1.91588443278e-06
1.76838327048e-06
1.60446077005e-06
1.42368361175e-06
1.2256263535e-06
1.00992095911e-06
7.76213791545e-07
5.24210644594e-07
2.53671776609e-07
-3.56152995663e-08
-3.43785752678e-07
-6.70944428277e-07
-1.01711335449e-06
-1.38230024437e-06
-1.76636773203e-06
-2.16921773924e-06
-2.59058252424e-06
-3.03021104481e-06
-3.4877165565e-06
-3.96266570396e-06
-4.45456439003e-06
-4.96280739818e-06
-5.48674588597e-06
-6.02559371723e-06
-6.57857883172e-06
-7.14476786759e-06
-7.72315502297e-06
-8.31267224304e-06
-8.91217578856e-06
-9.52041498904e-06
-1.0136059383e-05
-1.07577110114e-05
-1.1383889486e-05
-1.20130227035e-05
-1.26434539737e-05
-1.3273451587e-05
-1.39012212809e-05
-1.45248940214e-05
-1.51425116599e-05
-1.57520395096e-05
-1.63514221261e-05
-1.69384568411e-05
-1.75109662043e-05
-1.80666719554e-05
-1.86032273173e-05
-1.9118255013e-05
-1.96093577656e-05
-2.00740372283e-05
-2.05097994905e-05
-2.09141243986e-05
-2.12844243261e-05
-2.16181120184e-05
-2.19125841119e-05
-2.21652411862e-05
-2.23734452667e-05
-2.25345908234e-05
-2.26460628342e-05
-2.27052824131e-05
-2.27096925214e-05
-2.26566967338e-05
-2.25438576833e-05
-2.23686495066e-05
-2.21287394778e-05
-2.18217104298e-05
-2.14453453755e-05
-2.09974026131e-05
-2.0475793984e-05
-1.98784931323e-05
-1.92035810952e-05
-1.84492370112e-05
-1.76138085954e-05
-1.66957225791e-05
-1.56935828609e-05
-1.4606108173e-05
-1.34322325725e-05
-1.21709555032e-05
-1.08215589299e-05
-9.38345698711e-06
-7.8562688601e-06
-6.23978412773e-06
-4.53409543513e-06
-2.73944694872e-06
-8.5630584992e-07
1.1145797971e-06
3.1722592656e-06
5.31549044345e-06
7.54275773669e-06
9.85230470773e-06
1.22421229494e-05
1.47098609882e-05
1.72529049346e-05
1.98683505249e-05
2.255295829e-05
2.53032845927e-05
2.81154459934e-05
3.09853140304e-05
3.39084385689e-05
3.68800850383e-05
3.98951236192e-05
4.29481663633e-05
4.60334858327e-05
4.91450888136e-05
5.2276572519e-05
5.54212599893e-05
5.85722587658e-05
6.17222303827e-05
6.48636164234e-05
6.79885410024e-05
7.10889399545e-05
7.4156292224e-05
7.71820230919e-05
8.01571316863e-05
8.30724949429e-05
8.59186654447e-05
8.86860738525e-05
9.13649322984e-05
9.39451923179e-05
9.64167644381e-05
9.87693010256e-05
0.000100992382321
0.000103075475948
0.000105007983078
0.000106779198254
0.000108378391394
0.000109794841144
0.000111017737131
0.000112036358168
0.000112840122157
0.000113418364245
0.000113760605247
0.000113856550872
0.000113695959119
0.00011326885828
0.000112565413816
0.000111576114834
0.000110291637925
0.000108702997761
0.00010680152395
0.000104578899337
0.000102027213698
9.91388484301e-05
9.59067226419e-05
9.23241395025e-05
8.83849951708e-05
8.40835091173e-05
7.94145486785e-05
7.43734750547e-05
6.89562758733e-05
6.31594489631e-05
5.69801344914e-05
5.04161162994e-05
4.34657578963e-05
3.61281610428e-05
2.84029825019e-05
2.02906719713e-05
1.17923279593e-05
2.90969709152e-06
-6.35465228472e-06
-1.5997570787e-05
-2.6015074406e-05
-3.6402506231e-05
-4.71544836671e-05
-5.82649415063e-05
-6.97270778279e-05
-8.15332372188e-05
-9.36753043974e-05
-0.000106144260509
-0.000118930457914
-0.000132023624697
-0.00014541269125
-0.000159086041276
-0.000173031379938
-0.000187235740358
-0.000201685680965
-0.000216367045068
-0.000231265160545
-0.000246364805836
-0.000261650245534
-0.000277105280375
-0.000292713200193
-0.000308456876419
-0.000324318757641
-0.000340280921216
-0.000356325153876
-0.000372432835749
-0.00038858506349
-0.000404762703494
-0.000420946474476
-0.000437116789549
-0.000453253923589
-0.000469338067927
-0.000485349371721
-0.000501267869416
-0.000517073521773
-0.000532746443125
-0.000548266684899
-0.000563614465851
-0.000578770040856
-0.000593713886482
-0.000608426657772
-0.000622889201805
-0.000637082600252
-0.000650988312417
-0.000664588002099
-0.000677863725088
-0.000690797970013
-0.000703373500296
-0.000715573655984
-0.000727382150773
-0.000738783157709
-0.000749761495786
-0.000760302368629
-0.000770391681042
-0.000780015820523
-0.000789161799848
-0.0007978172989
-0.000805970633051
-0.000813610794507
-0.000820727376478
-0.000827310788399
-0.000833352092451
-0.000838843087482
-0.000843776275638
-0.00084814503313
-0.000851943401717
-0.000855166171382
-0.000857809021045
-0.000859868249498
-0.000861341179767
-0.000862225714489
0.5
-0.000862225714518
-0.000861341179753
-0.000859868249508
-0.000857809021038
-0.000855166171387
-0.000851943401712
-0.000848145033134
-0.000843776275634
-0.000838843087485
-0.000833352092448
-0.000827310788401
-0.000820727376475
-0.000813610794509
-0.000805970633049
-0.000797817298902
-0.000789161799846
-0.000780015820524
-0.00077039168104
-0.000760302368631
-0.000749761495784
-0.000738783157711
-0.000727382150772
-0.000715573655985
-0.000703373500295
-0.000690797970014
-0.000677863725087
-0.0006645880021
-0.000650988312416
-0.000637082600253
-0.000622889201804
-0.000608426657773
-0.000593713886481
-0.000578770040857
-0.00056361446585
-0.0005482666849
-0.000532746443124
-0.000517073521774
-0.000501267869415
-0.000485349371722
-0.000469338067926
-0.000453253923589
-0.000437116789548
-0.000420946474477
-0.000404762703493
-0.00038858506349
-0.000372432835749
-0.000356325153876
-0.000340280921215
-0.000324318757642
-0.000308456876418
-0.000292713200194
-0.000277105280374
-0.000261650245535
-0.000246364805835
-0.000231265160546
-0.000216367045067
-0.000201685680966
-0.000187235740357
-0.000173031379938
-0.000159086041275
-0.00014541269125
-0.000132023624697
-0.000118930457915
-0.000106144260508
-9.36753043981e-05
-8.15332372187e-05
-6.97270778284e-05
-5.8264941506e-05
-4.71544836673e-05
-3.64025062304e-05
-2.60150744062e-05
-1.59975707863e-05
-6.35465228515e-06
2.90969709172e-06
1.17923279591e-05
2.02906719713e-05
2.84029825015e-05
3.61281610428e-05
4.34657578961e-05
5.04161162998e-05
5.69801344912e-05
6.31594489636e-05
6.89562758726e-05
7.43734750552e-05
7.9414548678e-05
8.40835091178e-05
8.83849951705e-05
9.23241395026e-05
9.59067226419e-05
9.91388484305e-05
0.000102027213698
0.000104578899337
0.00010680152395
0.000108702997761
0.000110291637925
0.000111576114834
0.000112565413816
0.000113268858281
0.000113695959119
0.000113856550872
0.000113760605247
0.000113418364245
0.000112840122157
0.000112036358169
0.000111017737131
0.000109794841144
0.000108378391394
0.000106779198255
0.000105007983078
0.000103075475948
0.000100992382321
9.87693010262e-05
9.64167644378e-05
9.39451923177e-05
9.13649322987e-05
8.86860738523e-05
8.59186654449e-05
8.30724949428e-05
8.01571316865e-05
7.71820230917e-05
7.4156292224e-05
7.10889399547e-05
6.79885410022e-05
6.48636164234e-05
6.17222303826e-05
5.85722587658e-05
5.54212599893e-05
5.22765725195e-05
4.91450888134e-05
4.60334858327e-05
4.29481663631e-05
3.98951236195e-05
3.6880085038e-05
3.39084385691e-05
3.09853140299e-05
2.81154459939e-05
2.53032845925e-05
2.255295829e-05
1.9868350525e-05
1.72529049345e-05
1.47098609885e-05
1.22421229493e-05
9.85230470778e-06
7.54275773677e-06
5.31549044328e-06
3.1722592661e-06
1.11457979661e-06
-8.56305849546e-07
-2.73944694929e-06
-4.53409543469e-06
-6.23978412772e-06
-7.85626886031e-06
-9.38345698707e-06
-1.08215589302e-05
-1.21709555029e-05
-1.34322325726e-05
-1.46061081732e-05
-1.56935828608e-05
-1.66957225794e-05
-1.76138085947e-05
-1.84492370115e-05
-1.92035810948e-05
-1.98784931329e-05
-2.0475793984e-05
-2.09974026126e-05
-2.14453453758e-05
-2.18217104296e-05
-2.21287394786e-05
-2.23686495064e-05
-2.25438576825e-05
-2.26566967345e-05
-2.27096925204e-05
-2.27052824163e-05
-2.26460628304e-05
-2.25345908235e-05
-2.23734452695e-05
-2.21652411863e-05
-2.1912584108e-05
-2.16181120216e-05
-2.12844243251e-05
-2.09141243993e-05
-2.05097994897e-05
-2.00740372279e-05
-1.96093577667e-05
-1.91182550124e-05
-1.86032273177e-05
-1.80666719547e-05
-1.75109662045e-05
-1.69384568415e-05
-1.63514221259e-05
-1.575203951e-05
-1.51425116592e-05
-1.45248940221e-05
-1.39012212808e-05
-1.32734515871e-05
-1.26434539736e-05
-1.20130227032e-05
-1.13838894863e-05
-1.07577110113e-05
-1.01360593829e-05
-9.52041498897e-06
-8.91217578845e-06
-8.31267224334e-06
-7.72315502283e-06
-7.14476786775e-06
-6.5785788315e-06
-6.02559371728e-06
-5.486745886e-06
-4.96280739811e-06
-4.45456439007e-06
-3.96266570391e-06
-3.48771655661e-06
-3.03021104502e-06
-2.59058252402e-06
-2.16921773933e-06
-1.76636773182e-06
-1.38230024456e-06
-1.01711335428e-06
-6.70944428335e-07
-3.43785752669e-07
-3.56152995847e-08
2.536717764e-07
5.24210644791e-07
7.76213791365e-07
1.0099209593e-06
1.22562635357e-06
1.42368361141e-06
1.60446077026e-06
1.76838327023e-06
1.9158844332e-06
2.04745336124e-06
2.1636023966e-06
2.26487626821e-06
2.35180804993e-06
2.42499328177e-06
2.48501295309e-06
2.53247528594e-06
2.56798827785e-06
2.59218435653e-06
2.60567821521e-06
2.6091221624e-06
2.60313396251e-06
2.58833684314e-06
2.56536415814e-06
2.53483742429e-06
2.4973583984e-06
2.4535165716e-06
2.40392401302e-06
2.34915079048e-06
2.28974683714e-06
2.22624938592e-06
2.15918840387e-06
2.08908141859e-06
2.01639798534e-06
1.94160950999e-06
1.86516670942e-06
1.78748273491e-06
1.70896448898e-06
1.62999467441e-06
1.55092506788e-06
1.47207366648e-06
1.39376275135e-06
1.31627155301e-06
1.23987443636e-06
1.16480179056e-06
1.09126894446e-06
1.01948509621e-06
9.49609802865e-07
8.81810336875e-07
8.16216962831e-07
7.52946461892e-07
6.92091643434e-07
6.33744247997e-07
5.77941031805e-07
5.24751603037e-07
4.74202378245e-07
4.26301283237e-07
3.81046758255e-07
3.38450242658e-07
2.98463804905e-07
2.61084482764e-07
2.26241454835e-07
1.93899598003e-07
1.63996935391e-07
1.36468278641e-07
1.11242887223e-07
8.82378220017e-08
6.73658276664e-08
4.85554953965e-08
3.17042103972e-08
1.67267483798e-08
3.51595736077e-09
-7.99931620733e-09
-1.79407028829e-08
-2.63994623858e-08
-3.34554930635e-08
-3.92207393103e-08
-4.3784902731e-08
-4.72296762364e-08
-4.96626793244e-08
-5.11586462001e-08
-5.18111949684e-08
-5.16964539792e-08
-5.08940895492e-08
-4.94813314172e-08
-4.75387371537e-08
-4.511601353e-08
-4.22951420865e-08
-3.91336229256e-08
-3.56938044216e-08
-3.20147181212e-08
-2.81666138514e-08
-2.41836543973e-08
-2.01114951091e-08
-1.59994928691e-08
-1.18695543816e-08
-7.76715654964e-09
-3.71682481256e-09
2.58168557384e-10
4.12400268219e-09
7.86694767054e-09
1.14672869473e-08
1.49080825057e-08
1.81775888945e-08
2.12632046992e-08
2.41509020512e-08
2.68460271839e-08
2.93342927661e-08
3.16100087045e-08
3.36809608221e-08
3.55368802206e-08
3.71863034511e-08
3.86248135409e-08
3.98608501315e-08
4.08909212717e-08
4.17278101347e-08
4.23733412429e-08
4.283473138e-08
4.31191093986e-08
4.322368323e-08
4.31694520843e-08
4.29567996074e-08
4.25980335966e-08
4.20885550083e-08
4.14531272249e-08
4.06861057435e-08
3.98036474031e-08
3.88075822497e-08
3.77093540047e-08
3.65139483671e-08
3.52285892608e-08
3.38608182516e-08
3.24217783197e-08
3.09059394786e-08
2.93325938036e-08
2.76978116845e-08
2.60232281394e-08
2.42888240809e-08
2.25201898637e-08
2.07060263373e-08
1.88673330212e-08
1.69912308541e-08
1.5099467653e-08
1.31770117507e-08
1.12436594858e-08
9.28511371926e-09
7.32653374316e-09
5.34371888727e-09
3.36806934333e-09
1.37128709165e-09
-6.17771512738e-10
-2.62278615226e-09
-4.61280515537e-09
-6.61841438542e-09
-8.60359601682e-09
-1.06092557973e-08
-1.25835900642e-08
-1.45832509471e-08
-1.65359412007e-08
-1.85268440748e-08
-2.04480302448e-08
-2.24272812431e-08
-2.42859333046e-08
-2.62464783372e-08
-2.79570954951e-08
-2.98904022381e-08
-3.09835908928e-08
-3.28584198696e-08
