# optimized from harmonic_high.txt on 2026-01-16T18:30:11
# original_taps=777 new_taps=777
# scale_factor=0.391799935062 # comp_db=8.139
-1.06427536256e-07
-1.03401808487e-07
-1.02677387817e-07
-9.9099149391e-08
-9.60355604245e-08
-9.19630387957e-08
-8.80118555209e-08
-8.34670642789e-08
-7.88972494243e-08
-7.38959942126e-08
-6.8810535041e-08
-6.33731974286e-08
-5.78236828162e-08
-5.19797516316e-08
-4.60165272446e-08
-3.9795476683e-08
-3.34594461563e-08
-2.69057177265e-08
-2.0244530406e-08
-1.34050194403e-08
-6.4763441282e-09
5.95232460393e-10
7.7244552982e-09
1.49573368889e-08
2.22175700394e-08
2.95340497587e-08
3.68397381681e-08
4.41509714484e-08
5.1407644187e-08
5.86182827015e-08
6.57179567132e-08
7.27187142767e-08
7.95331316646e-08
8.62032548452e-08
9.26487370828e-08
9.88641231972e-08
1.0479325554e-07
1.10424026046e-07
1.1570333262e-07
1.206170895e-07
1.25111107825e-07
1.29177115742e-07
1.32759722297e-07
1.35850143705e-07
1.38395557675e-07
1.40390878703e-07
1.41786516842e-07
1.42578010458e-07
1.42727421506e-07
1.42228007227e-07
1.41054278055e-07
1.39206168642e-07
1.36659803106e-07
1.33418771192e-07
1.29477942701e-07
1.24850260474e-07
1.1953405452e-07
1.13548502623e-07
1.06909088321e-07
9.96473915837e-08
9.1784044459e-08
8.33689267936e-08
7.44333123391e-08
6.50332676447e-08
5.52054140846e-08
4.50349179553e-08
3.4571098643e-08
2.39045815831e-08
1.30898329876e-08
2.23107441159e-09
-8.60258466986e-09
-1.92978370706e-08
-2.97698264951e-08
-3.99067557365e-08
-4.96077471461e-08
-5.87627396859e-08
-6.7260393802e-08
-7.49811028106e-08
-8.18151197514e-08
-8.76333527228e-08
-9.2334460505e-08
-9.57868694683e-08
-9.78806330691e-08
-9.84948577266e-08
-9.7530669618e-08
-9.48676024568e-08
-9.04000842604e-08
-8.40349673977e-08
-7.56755259811e-08
-6.52181172518e-08
-5.26034755885e-08
-3.77402307888e-08
-2.05606407498e-08
-1.00871312247e-09
2.09687194184e-08
4.54109860172e-08
7.23500489587e-08
1.01815208949e-07
1.33818963749e-07
1.6836924964e-07
2.05445788305e-07
2.45049333107e-07
2.87144086264e-07
3.31698342076e-07
3.78658942352e-07
4.2798446905e-07
4.79603119439e-07
5.33454524302e-07
5.89447142335e-07
6.47509093388e-07
7.07528183421e-07
7.69420449607e-07
8.33070520184e-07
8.98382315184e-07
9.65228445752e-07
1.03350036583e-06
1.10306822465e-06
1.17381109802e-06
1.24560674146e-06
1.31832294023e-06
1.39181548629e-06
1.46598145002e-06
1.54065509334e-06
1.61573334791e-06
1.69105029873e-06
1.76648142014e-06
1.84189321539e-06
1.91712963412e-06
1.99203250436e-06
2.06647513135e-06
2.14028904802e-06
2.21331901391e-06
2.2853775554e-06
2.35629780097e-06
2.42586844966e-06
2.49389818828e-06
2.56015031729e-06
2.62440680628e-06
2.68640384555e-06
2.745844551e-06
2.80244758498e-06
2.85585801041e-06
2.90573570616e-06
2.95168959095e-06
2.99329068366e-06
3.03006832185e-06
3.06153827383e-06
3.08714528249e-06
3.10631851754e-06
3.11842620262e-06
3.12280538627e-06
3.11872879139e-06
3.10543571344e-06
3.0820977391e-06
3.04786513799e-06
3.00181805898e-06
2.94299853561e-06
2.87040588327e-06
2.78296948586e-06
2.67961915424e-06
2.55921113874e-06
2.4205642569e-06
2.26249386711e-06
2.08375560466e-06
1.88311257758e-06
1.65928091741e-06
1.4109853223e-06
1.1369542938e-06
8.35878196208e-07
5.06536428401e-07
1.47673899741e-07
-2.41920502494e-07
-6.63403312549e-07
-1.1178994103e-06
-1.60643745492e-06
-2.12999028321e-06
-2.68944384907e-06
-3.28556741248e-06
-3.91903444391e-06
-4.59037306254e-06
-5.3000064562e-06
-6.04812782716e-06
-6.8348687121e-06
-7.66011821298e-06
-8.52360029875e-06
-9.42478102526e-06
-1.03630236235e-05
-1.13373442044e-05
-1.23466035934e-05
-1.33893969815e-05
-1.44640533572e-05
-1.55686409782e-05
-1.67009694671e-05
-1.78585647687e-05
-1.90387071439e-05
-2.023830289e-05
-2.14540925655e-05
-2.26824112481e-05
-2.39194167313e-05
-2.51609112169e-05
-2.64024461923e-05
-2.76392900947e-05
-2.88664740007e-05
-3.00786935732e-05
-3.1270506211e-05
-3.24361504077e-05
-3.35696771493e-05
-3.46649462541e-05
-3.571560466e-05
-3.671517462e-05
-3.76569648432e-05
-3.85342055652e-05
-3.9340052684e-05
-4.0067543116e-05
-4.07096919622e-05
-4.12594474252e-05
-4.17098621673e-05
-4.20539328604e-05
-4.22847730765e-05
-4.23955952664e-05
-4.2379769073e-05
-4.2230755243e-05
-4.19423103238e-05
-4.15083495368e-05
-4.09231079558e-05
-4.01810668319e-05
-3.92770799559e-05
-3.82063513103e-05
-3.69644746491e-05
-3.55474726793e-05
-3.39518099581e-05
-3.21744060781e-05
-3.0212805187e-05
-2.80649052013e-05
-2.57293101511e-05
-2.32051353935e-05
-2.04920738597e-05
-1.75904647557e-05
-1.45012786926e-05
-1.1226135815e-05
-7.76726131779e-06
-4.12758380865e-06
-3.10690526211e-07
3.67918301982e-06
7.83709070645e-06
1.21574134355e-05
1.66339364054e-05
2.12597231593e-05
2.60271644874e-05
3.09281062816e-05
3.59536469382e-05
4.10944092884e-05
4.63403097702e-05
5.16807475912e-05
5.71045463335e-05
6.26000600071e-05
6.81551149758e-05
7.37570089376e-05
7.93926768583e-05
8.50486342653e-05
9.07109810922e-05
9.63654530936e-05
0.000101997549994
0.000107592410752
0.000113134911638
0.000118609846151
0.000124001659399
0.000129294784839
0.000134473439139
0.000139521837139
0.000144424081706
0.000149164317409
0.00015372671602
0.000158095380476
0.000162254644341
0.000166188851721
0.000169882436639
0.000173320114427
0.000176486644374
0.000179367118739
0.000181946691235
0.000184210900017
0.00018614546044
0.000187736362277
0.000188969921362
0.000189832747455
0.000190311697141
0.000190394038286
0.000190067301966
0.000189319422748
0.000188138612048
0.000186513498766
0.000184433012218
0.000181886514605
0.000178863685472
0.000175354620214
0.000171349747604
0.00016683989457
0.000161816337154
0.000156270663845
0.000150194894194
0.000143581475143
0.000136423265854
0.000128713532209
0.000120445965796
0.000111614747952
0.000102214464393
9.22402036785e-05
8.16875771994e-05
7.05526067271e-05
5.88318846872e-05
4.65226034486e-05
3.36224330166e-05
2.01296917241e-05
6.04325916241e-06
-8.6373239126e-06
-2.39117992739e-05
-3.97792702332e-05
-5.62381099382e-05
-7.32858597704e-05
-9.09193922042e-05
-0.00010913465722
-0.000127926745182
-0.000147289887007
-0.00016721739956
-0.00018770154688
-0.000208733702867
-0.000230304176494
-0.000252402154181
-0.000275015781193
-0.00029813210883
-0.000321736949716
-0.000345815047554
-0.000370349825695
-0.000395323628784
-0.000420717435406
-0.000446511025735
-0.000472682956637
-0.000499210468432
-0.000526069611147
-0.000553235038823
-0.000580680250182
-0.000608377497189
-0.000636297801113
-0.000664410975318
-0.000692685566406
-0.000721089182605
-0.000749588094326
-0.00077814771656
-0.000806732362784
-0.000835305348088
-0.000863829202138
-0.000892265585059
-0.000920575342425
-0.000948718698233
-0.000976655350587
-0.00100434435072
-0.00103174443712
-0.00105881399116
-0.00108551114171
-0.00111179395323
-0.00113762045333
-0.00116294871044
-0.00118773708879
-0.00121194421095
-0.00123552914167
-0.00125845146241
-0.00128067145747
-0.00130215018862
-0.00132284956492
-0.00134273253396
-0.00136176315175
-0.00137990673493
-0.0013971298912
-0.00141340063198
-0.00142868859736
-0.00144296505103
-0.00145620294803
-0.00146837704572
-0.00147946404859
-0.00148944263987
-0.00149829354664
-0.00150599960911
-0.00151254576554
-0.00151791931729
-0.00152210971069
-0.00152510876779
-0.00152691054456
0.5
-0.00152691054459
-0.00152510876777
-0.0015221097107
-0.00151791931728
-0.00151254576555
-0.0015059996091
-0.00149829354665
-0.00148944263986
-0.0014794640486
-0.00146837704571
-0.00145620294803
-0.00144296505103
-0.00142868859737
-0.00141340063198
-0.0013971298912
-0.00137990673492
-0.00136176315175
-0.00134273253396
-0.00132284956492
-0.00130215018862
-0.00128067145747
-0.00125845146241
-0.00123552914167
-0.00121194421095
-0.00118773708879
-0.00116294871043
-0.00113762045333
-0.00111179395323
-0.00108551114171
-0.00105881399116
-0.00103174443712
-0.00100434435071
-0.000976655350588
-0.000948718698232
-0.000920575342426
-0.000892265585058
-0.000863829202139
-0.000835305348088
-0.000806732362785
-0.000778147716559
-0.000749588094326
-0.000721089182605
-0.000692685566407
-0.000664410975317
-0.000636297801113
-0.000608377497188
-0.000580680250183
-0.000553235038822
-0.000526069611148
-0.000499210468432
-0.000472682956638
-0.000446511025734
-0.000420717435407
-0.000395323628783
-0.000370349825695
-0.000345815047553
-0.000321736949716
-0.000298132108829
-0.000275015781193
-0.00025240215418
-0.000230304176494
-0.000208733702867
-0.000187701546881
-0.000167217399559
-0.000147289887007
-0.000127926745182
-0.000109134657221
-9.09193922038e-05
-7.32858597707e-05
-5.62381099376e-05
-3.97792702335e-05
-2.39117992732e-05
-8.63732391303e-06
6.04325916262e-06
2.01296917239e-05
3.36224330166e-05
4.65226034482e-05
5.88318846872e-05
7.0552606727e-05
8.16875771998e-05
9.22402036783e-05
0.000102214464393
0.000111614747951
0.000120445965796
0.000128713532209
0.000136423265854
0.000143581475143
0.000150194894194
0.000156270663845
0.000161816337155
0.00016683989457
0.000171349747604
0.000175354620214
0.000178863685472
0.000181886514605
0.000184433012219
0.000186513498765
0.000188138612049
0.000189319422748
0.000190067301966
0.000190394038286
0.000190311697142
0.000189832747455
0.000188969921363
0.000187736362276
0.00018614546044
0.000184210900017
0.000181946691236
0.00017936711874
0.000176486644374
0.000173320114427
0.00016988243664
0.000166188851721
0.000162254644341
0.000158095380476
0.00015372671602
0.000149164317409
0.000144424081706
0.00013952183714
0.000134473439139
0.000129294784839
0.000124001659399
0.000118609846151
0.000113134911638
0.000107592410752
0.000101997549994
9.63654530936e-05
9.07109810927e-05
8.50486342651e-05
7.93926768583e-05
7.37570089374e-05
6.8155114976e-05
6.26000600068e-05
5.71045463337e-05
5.16807475907e-05
4.63403097706e-05
4.10944092882e-05
3.59536469382e-05
3.09281062817e-05
2.60271644873e-05
2.12597231595e-05
1.66339364053e-05
1.21574134356e-05
7.83709070653e-06
3.67918301965e-06
-3.10690525711e-07
-4.12758380914e-06
-7.76726131741e-06
-1.12261358156e-05
-1.45012786922e-05
-1.75904647557e-05
-2.04920738599e-05
-2.32051353935e-05
-2.57293101514e-05
-2.80649052011e-05
-3.0212805187e-05
-3.21744060782e-05
-3.3951809958e-05
-3.55474726797e-05
-3.69644746484e-05
-3.82063513105e-05
-3.92770799555e-05
-4.01810668325e-05
-4.09231079559e-05
-4.15083495362e-05
-4.19423103241e-05
-4.22307552427e-05
-4.23797690737e-05
-4.23955952662e-05
-4.22847730757e-05
-4.20539328611e-05
-4.17098621663e-05
-4.12594474284e-05
-4.07096919584e-05
-4.00675431161e-05
-3.93400526868e-05
-3.85342055653e-05
-3.76569648393e-05
-3.67151746232e-05
-3.5715604659e-05
-3.46649462549e-05
-3.35696771485e-05
-3.24361504073e-05
-3.12705062122e-05
-3.00786935726e-05
-2.88664740011e-05
-2.7639290094e-05
-2.64024461925e-05
-2.51609112173e-05
-2.39194167311e-05
-2.26824112485e-05
-2.14540925647e-05
-2.02383028906e-05
-1.90387071439e-05
-1.78585647688e-05
-1.6700969467e-05
-1.55686409779e-05
-1.44640533575e-05
-1.33893969814e-05
-1.23466035933e-05
-1.13373442043e-05
-1.03630236234e-05
-9.42478102556e-06
-8.52360029861e-06
-7.66011821314e-06
-6.83486871188e-06
-6.04812782722e-06
-5.30000645623e-06
-4.59037306247e-06
-3.91903444395e-06
-3.28556741244e-06
-2.68944384918e-06
-2.12999028341e-06
-1.6064374547e-06
-1.11789941039e-06
-6.63403312342e-07
-2.41920502693e-07
1.47673899957e-07
5.06536428342e-07
8.35878196217e-07
1.13695429378e-06
1.41098532209e-06
1.65928091761e-06
1.8831125774e-06
2.08375560485e-06
2.26249386718e-06
2.42056425657e-06
2.55921113895e-06
2.679619154e-06
2.78296948628e-06
2.87040588288e-06
2.94299853591e-06
3.00181805871e-06
3.04786513821e-06
3.08209773906e-06
3.10543571349e-06
3.11872879122e-06
3.12280538645e-06
3.11842620264e-06
3.10631851744e-06
3.08714528235e-06
3.06153827408e-06
3.03006832165e-06
2.99329068387e-06
2.95168959084e-06
2.90573570619e-06
2.85585801042e-06
2.80244758486e-06
2.74584455112e-06
2.68640384551e-06
2.62440680626e-06
2.56015031728e-06
2.49389818829e-06
2.42586844978e-06
2.35629780088e-06
2.28537755549e-06
2.21331901383e-06
2.1402890481e-06
2.06647513133e-06
1.99203250434e-06
1.91712963409e-06
1.8418932154e-06
1.76648142015e-06
1.69105029884e-06
1.6157333478e-06
1.54065509332e-06
1.46598145001e-06
1.39181548633e-06
1.3183229402e-06
1.24560674138e-06
1.17381109803e-06
1.10306822475e-06
1.0335003659e-06
9.65228445738e-07
8.98382315082e-07
8.33070520219e-07
7.69420449561e-07
7.07528183561e-07
6.47509093287e-07
5.89447142314e-07
5.33454524306e-07
4.79603119583e-07
4.27984469057e-07
3.78658942242e-07
3.31698341963e-07
2.87144086276e-07
2.45049333304e-07
2.05445788177e-07
1.68369249744e-07
1.33818963791e-07
1.01815208846e-07
7.2350048958e-08
4.5410986027e-08
2.09687194028e-08
-1.00871307594e-09
-2.05606407833e-08
-3.77402307278e-08
-5.26034757136e-08
-6.52181171788e-08
-7.56755260157e-08
-8.40349673704e-08
-9.04000842123e-08
-9.48676025131e-08
-9.75306696154e-08
-9.84948577924e-08
-9.78806329539e-08
-9.57868695643e-08
-9.23344604885e-08
-8.76333527629e-08
-8.18151197231e-08
-7.49811027632e-08
-6.72603938744e-08
-5.87627396667e-08
-4.96077471378e-08
-3.99067557301e-08
-2.97698264781e-08
-1.92978371254e-08
-8.6025846562e-09
2.23107440349e-09
1.30898330478e-08
2.39045815835e-08
3.45710986273e-08
4.50349179479e-08
5.52054141041e-08
6.50332676583e-08
7.44333123263e-08
8.3368926719e-08
9.1784044511e-08
9.96473915781e-08
1.06909088368e-07
1.13548502612e-07
1.19534054488e-07
1.24850260487e-07
1.29477942684e-07
1.33418771211e-07
1.36659803066e-07
1.39206168606e-07
1.41054278066e-07
1.42228007269e-07
1.42727421565e-07
1.42578010375e-07
1.41786516876e-07
1.40390878699e-07
1.38395557735e-07
1.35850143634e-07
1.32759722189e-07
1.29177115693e-07
1.25111107978e-07
1.20617089742e-07
1.15703332613e-07
1.10424025662e-07
1.04793255878e-07
9.88641227992e-08
9.26487371058e-08
8.62032550477e-08
7.95331318436e-08
7.27187142298e-08
6.57179565886e-08
5.86182826537e-08
5.14076442244e-08
4.41509714922e-08
3.68397381116e-08
2.95340497577e-08
2.22175700624e-08
1.49573369476e-08
7.72445533215e-09
5.95232401395e-10
-6.47634416279e-09
-1.34050194672e-08
-2.02445303536e-08
-2.69057177457e-08
-3.34594461618e-08
-3.97954766929e-08
-4.60165272137e-08
-5.1979751598e-08
-5.78236828469e-08
-6.33731974507e-08
-6.88105350428e-08
-7.38959942177e-08
-7.88972494063e-08
-8.34670642995e-08
-8.80118555203e-08
-9.19630387868e-08
-9.6035560411e-08
-9.9099149381e-08
-1.0267738784e-07
-1.03401808502e-07
-1.06427536251e-07
