# optimized from harmonic_dynamic.txt on 2026-01-16T18:30:11
# original_taps=777 new_taps=777
# scale_factor=0.431865313129 # comp_db=7.293
-8.24504009552e-08
-8.06040382503e-08
-8.0504664228e-08
-7.81737021685e-08
-7.62056931767e-08
-7.34242824965e-08
-7.07003933605e-08
-6.74828731531e-08
-6.42142444034e-08
-6.05749779359e-08
-5.68378452557e-08
-5.27945103165e-08
-4.86333149366e-08
-4.42138515363e-08
-3.96683919883e-08
-3.48944841497e-08
-3.00022592048e-08
-2.49145658609e-08
-1.97179083959e-08
-1.43559532299e-08
-8.90449816642e-09
-3.31725910617e-09
2.33339847098e-09
8.08298557482e-09
1.38726771303e-08
1.97193194238e-08
2.55720849286e-08
3.14404754065e-08
3.72731152626e-08
4.30798028901e-08
4.88072103482e-08
5.44531227187e-08
5.99619520349e-08
6.53557432409e-08
7.05684685056e-08
7.55976488282e-08
8.03976889685e-08
8.49573210415e-08
8.9230625665e-08
9.32054074926e-08
9.68427032547e-08
1.00126489486e-07
1.03020538919e-07
1.05513823885e-07
1.07560850321e-07
1.0916430857e-07
1.10278096307e-07
1.10906745436e-07
1.11017216525e-07
1.10603611306e-07
1.09651026127e-07
1.08156967966e-07
1.06108148974e-07
1.035065368e-07
1.00354250968e-07
9.66642144936e-08
9.24314921204e-08
8.76905068439e-08
8.243954464e-08
7.6721266822e-08
7.05480917858e-08
6.39669892295e-08
5.70003630418e-08
4.97107208946e-08
4.21218092363e-08
3.43060029375e-08
2.63098966307e-08
1.82025100566e-08
1.0037231861e-08
1.89532657491e-09
-6.16217495379e-09
-1.40524690084e-08
-2.17070764788e-08
-2.90297429054e-08
-3.59562691427e-08
-4.23894487643e-08
-4.82513819732e-08
-5.34506571954e-08
-5.79147585549e-08
-6.15533399654e-08
-6.42804137442e-08
-6.60273125563e-08
-6.6702478525e-08
-6.62465904159e-08
-6.45920300332e-08
-6.16622856609e-08
-5.74086575734e-08
-5.1766861291e-08
-4.47092736089e-08
-3.61864907319e-08
-2.61716948546e-08
-1.46318025985e-08
-1.5653659015e-09
1.3049839069e-08
2.91953225341e-08
4.68728334592e-08
6.60466958424e-08
8.67110378256e-08
1.08806625353e-07
1.32304766157e-07
1.57133317487e-07
1.83236753203e-07
2.10552093548e-07
2.38987343663e-07
2.68469896185e-07
2.98915736832e-07
3.30215090716e-07
3.62272562606e-07
3.95007162936e-07
4.2828381467e-07
4.6203222202e-07
4.96116575717e-07
5.30458304317e-07
5.64932497794e-07
5.99462964226e-07
6.33938196558e-07
6.6827491058e-07
7.02398220217e-07
7.36209058959e-07
7.69649439074e-07
8.02671530203e-07
8.35204478406e-07
8.67198251913e-07
8.98649117053e-07
9.29507306996e-07
9.5977039002e-07
9.89424958722e-07
1.01848306399e-06
1.04694365531e-06
1.07485202125e-06
1.10222397436e-06
1.12909118393e-06
1.15550187791e-06
1.18149262384e-06
1.20709056296e-06
1.2323625198e-06
1.25733947476e-06
1.28206630528e-06
1.30653595143e-06
1.33079460612e-06
1.35483604713e-06
1.37865088104e-06
1.40218919307e-06
1.42540847374e-06
1.44823985019e-06
1.47054622636e-06
1.4922205497e-06
1.51305405309e-06
1.53286599252e-06
1.55138580405e-06
1.56830643726e-06
1.58331963068e-06
1.59600042423e-06
1.60591896982e-06
1.61260302504e-06
1.6155102415e-06
1.61401977151e-06
1.60750119599e-06
1.59524216846e-06
1.57650308718e-06
1.55043906966e-06
1.51623348317e-06
1.47294013503e-06
1.41963451108e-06
1.35531996632e-06
1.27894894307e-06
1.18943458631e-06
1.08572771886e-06
9.66669757725e-07
8.31140161452e-07
6.78000339698e-07
5.06097068329e-07
3.14299557756e-07
1.0146401765e-07
-1.33489354986e-07
-3.91610115294e-07
-6.73955576586e-07
-9.81451090061e-07
-1.31500398166e-06
-1.67542105654e-06
-2.06344419565e-06
-2.47970758451e-06
-2.92471055848e-06
-3.39885601508e-06
-3.90238078508e-06
-4.43541577046e-06
-4.99791466069e-06
-5.58967327359e-06
-6.21027658904e-06
-6.85916128492e-06
-7.53554072498e-06
-8.23846879857e-06
-8.96674436318e-06
-9.71896594223e-06
-1.0493513122e-05
-1.12885129626e-05
-1.21018997683e-05
-1.29313689286e-05
-1.37743669832e-05
-1.46281132406e-05
-1.54896137059e-05
-1.63556378205e-05
-1.72227336479e-05
-1.80872272563e-05
-1.89452391815e-05
-1.97927093244e-05
-2.06254159962e-05
-2.14388547807e-05
-2.22285020049e-05
-2.29895978407e-05
-2.37172892033e-05
-2.44065854375e-05
-2.50524282506e-05
-2.56497007677e-05
-2.61932220497e-05
-2.66777840868e-05
-2.70981448201e-05
-2.74491732086e-05
-2.7725660319e-05
-2.7922597746e-05
-2.80349886957e-05
-2.80579973807e-05
-2.79869191986e-05
-2.78172251396e-05
-2.75446160008e-05
-2.71650340998e-05
-2.66746189712e-05
-2.60698282421e-05
-2.53474402065e-05
-2.45045187338e-05
-2.35384960954e-05
-2.24472238306e-05
-2.12288590769e-05
-1.98820275645e-05
-1.84057978606e-05
-1.67996138449e-05
-1.50634416871e-05
-1.3197644625e-05
-1.12031593522e-05
-9.08134148959e-06
-6.83402289869e-06
-4.4635629081e-06
-1.97281693184e-06
6.34872373528e-07
3.35564786365e-06
6.18523893074e-06
9.11884492919e-06
1.21511749224e-05
1.52765163006e-05
1.84886831575e-05
2.17811507724e-05
2.51468479872e-05
2.857838644e-05
3.20680433143e-05
3.56077100522e-05
3.91889068731e-05
4.28028883926e-05
4.64407346545e-05
5.00930948205e-05
5.37505367653e-05
5.74034318064e-05
6.10419086227e-05
6.46560012085e-05
6.82356704482e-05
7.17707566549e-05
7.52511016898e-05
7.86665007908e-05
8.20067274835e-05
8.52616204094e-05
8.84210740005e-05
9.14750604716e-05
9.44136888633e-05
9.72271242448e-05
9.99057857452e-05
0.000102440127143
0.000104820940545
0.000107039066816
0.000109085629635
0.000110952026608
0.000112629776731
0.00011411075888
0.000115386950776
0.000116450740394
0.000117294699795
0.000117911610299
0.000118294557232
0.000118436920266
0.000118332214858
0.000117974260066
0.000117357172601
0.000116475160933
0.000115322774762
0.000113894706004
0.000112185884819
0.00011019139156
0.000107906515134
0.000105326739328
0.000102447651736
9.92650011481e-05
9.57747982203e-05
9.19729945807e-05
8.78558450657e-05
8.34196262056e-05
7.86607700368e-05
7.35758491183e-05
6.81614801962e-05
6.2414501568e-05
5.63317993691e-05
4.99103691765e-05
4.3147412788e-05
3.60402456194e-05
2.85863157388e-05
2.0783227308e-05
1.26288784752e-05
4.1212103366e-06
-4.74149786922e-06
-1.39607217778e-05
-2.35377115027e-05
-3.34734269965e-05
-4.37684378011e-05
-5.44229779452e-05
-6.54369199415e-05
-7.68096363096e-05
-8.85400932232e-05
-0.000100626744484
-0.000113067510424
-0.00012585970952
-0.000139000118255
-0.000152484780815
-0.000166309067653
-0.000180467691265
-0.000194954557846
-0.000209762782759
-0.000224884626806
-0.000240311550359
-0.000256034068587
-0.000272041888194
-0.000288323680351
-0.000304867134776
-0.000321659105428
-0.000338685375895
-0.000355930722518
-0.000373378970594
-0.00039101293419
-0.000408814389642
-0.00042676418311
-0.00044484220538
-0.000463027333133
-0.000481297487976
-0.000499629831258
-0.00051800053034
-0.000536384996517
-0.000554757779671
-0.000573092760947
-0.000591363139146
-0.000609541455682
-0.000627599745221
-0.000645509524622
-0.000663241815893
-0.000680767433862
-0.000698056840329
-0.000715080389558
-0.000731808186241
-0.000748210498538
-0.00076425761701
-0.000779919973847
-0.000795168254842
-0.000809973563409
-0.000824307490282
-0.000838142020551
-0.000851449989531
-0.000864204775318
-0.000876380711952
-0.000887953039421
-0.000898897929898
-0.000909192738298
-0.000918815985115
-0.000927747391181
-0.000935967988793
-0.000943460328173
-0.000950208286005
-0.000956197313915
-0.000961414547922
-0.000965848537833
-0.000969489658732
-0.000972329964287
-0.000974363213581
-0.000975584938754
0.5
-0.000975584938783
-0.000974363213567
-0.000972329964297
-0.000969489658724
-0.000965848537838
-0.000961414547918
-0.000956197313919
-0.000950208286001
-0.000943460328176
-0.000935967988791
-0.000927747391184
-0.000918815985112
-0.0009091927383
-0.000898897929896
-0.000887953039423
-0.00087638071195
-0.000864204775319
-0.000851449989529
-0.000838142020553
-0.00082430749028
-0.000809973563411
-0.000795168254841
-0.000779919973848
-0.000764257617009
-0.000748210498539
-0.00073180818624
-0.000715080389559
-0.000698056840329
-0.000680767433863
-0.000663241815892
-0.000645509524623
-0.00062759974522
-0.000609541455683
-0.000591363139145
-0.000573092760948
-0.00055475777967
-0.000536384996518
-0.00051800053034
-0.000499629831259
-0.000481297487975
-0.000463027333134
-0.00044484220538
-0.000426764183111
-0.000408814389642
-0.00039101293419
-0.000373378970593
-0.000355930722519
-0.000338685375894
-0.000321659105429
-0.000304867134775
-0.000288323680352
-0.000272041888193
-0.000256034068588
-0.000240311550358
-0.000224884626807
-0.000209762782758
-0.000194954557846
-0.000180467691264
-0.000166309067654
-0.000152484780814
-0.000139000118256
-0.00012585970952
-0.000113067510425
-0.000100626744483
-8.85400932238e-05
-7.68096363095e-05
-6.5436919942e-05
-5.44229779449e-05
-4.37684378014e-05
-3.34734269959e-05
-2.35377115029e-05
-1.39607217771e-05
-4.74149786965e-06
4.1212103368e-06
1.2628878475e-05
2.0783227308e-05
2.85863157384e-05
3.60402456194e-05
4.31474127879e-05
4.99103691769e-05
5.63317993688e-05
6.24145015684e-05
6.81614801955e-05
7.35758491188e-05
7.86607700363e-05
8.34196262061e-05
8.78558450653e-05
9.19729945808e-05
9.57747982203e-05
9.92650011485e-05
0.000102447651736
0.000105326739328
0.000107906515134
0.00011019139156
0.000112185884819
0.000113894706004
0.000115322774761
0.000116475160933
0.000117357172601
0.000117974260067
0.000118332214857
0.000118436920267
0.000118294557232
0.0001179116103
0.000117294699795
0.000116450740394
0.000115386950775
0.00011411075888
0.000112629776731
0.000110952026608
0.000109085629634
0.000107039066816
0.000104820940545
0.000102440127143
9.99057857455e-05
9.72271242447e-05
9.44136888634e-05
9.14750604715e-05
8.84210740006e-05
8.52616204092e-05
8.20067274836e-05
7.86665007909e-05
7.52511016896e-05
7.1770756655e-05
6.8235670448e-05
6.46560012085e-05
6.10419086227e-05
5.7403431807e-05
5.37505367652e-05
5.00930948205e-05
4.64407346542e-05
4.28028883928e-05
3.91889068728e-05
3.56077100524e-05
3.20680433139e-05
2.85783864405e-05
2.51468479871e-05
2.17811507725e-05
1.84886831576e-05
1.52765163005e-05
1.21511749227e-05
9.11884492913e-06
6.18523893079e-06
3.35564786372e-06
6.34872373361e-07
-1.97281693134e-06
-4.46356290859e-06
-6.83402289832e-06
-9.08134149016e-06
-1.12031593517e-05
-1.3197644625e-05
-1.50634416873e-05
-1.67996138448e-05
-1.84057978609e-05
-1.98820275643e-05
-2.12288590769e-05
-2.24472238307e-05
-2.35384960953e-05
-2.45045187341e-05
-2.53474402058e-05
-2.60698282424e-05
-2.66746189708e-05
-2.71650341004e-05
-2.75446160008e-05
-2.78172251391e-05
-2.79869191988e-05
-2.80579973805e-05
-2.80349886964e-05
-2.79225977458e-05
-2.77256603182e-05
-2.74491732093e-05
-2.70981448192e-05
-2.667778409e-05
-2.61932220459e-05
-2.56497007678e-05
-2.50524282534e-05
-2.44065854375e-05
-2.37172891993e-05
-2.29895978439e-05
-2.22285020039e-05
-2.14388547815e-05
-2.06254159953e-05
-1.97927093239e-05
-1.89452391826e-05
-1.80872272557e-05
-1.72227336483e-05
-1.63556378197e-05
-1.54896137061e-05
-1.4628113241e-05
-1.3774366983e-05
-1.29313689289e-05
-1.21018997675e-05
-1.12885129632e-05
-1.0493513122e-05
-9.71896594236e-06
-8.96674436308e-06
-8.23846879827e-06
-7.53554072529e-06
-6.85916128488e-06
-6.21027658894e-06
-5.58967327352e-06
-4.99791466058e-06
-4.43541577075e-06
-3.90238078494e-06
-3.39885601524e-06
-2.92471055826e-06
-2.47970758456e-06
-2.06344419568e-06
-1.67542105647e-06
-1.3150039817e-06
-9.81451090018e-07
-6.73955576695e-07
-3.91610115497e-07
-1.33489354766e-07
1.01464017562e-07
3.14299557962e-07
5.06097068129e-07
6.78000339913e-07
8.31140161393e-07
9.66669757735e-07
1.08572771884e-06
1.1894345861e-06
1.27894894327e-06
1.35531996614e-06
1.41963451127e-06
1.4729401351e-06
1.51623348283e-06
1.55043906987e-06
1.57650308693e-06
1.59524216887e-06
1.6075011956e-06
1.6140197718e-06
1.61551024123e-06
1.61260302526e-06
1.60591896978e-06
1.59600042428e-06
1.58331963051e-06
1.56830643744e-06
1.55138580407e-06
1.53286599243e-06
1.51305405295e-06
1.49222054996e-06
1.47054622616e-06
1.4482398504e-06
1.42540847363e-06
1.4021891931e-06
1.37865088104e-06
1.35483604701e-06
1.33079460625e-06
1.30653595138e-06
1.28206630525e-06
1.25733947475e-06
1.23236251981e-06
1.20709056307e-06
1.18149262375e-06
1.15550187801e-06
1.12909118385e-06
1.10222397443e-06
1.07485202124e-06
1.04694365529e-06
1.01848306396e-06
9.89424958732e-07
9.59770390024e-07
9.29507307107e-07
8.98649116947e-07
8.67198251894e-07
8.35204478402e-07
8.02671530244e-07
7.69649439046e-07
7.36209058877e-07
7.02398220227e-07
6.68274910673e-07
6.33938196628e-07
5.99462964212e-07
5.64932497693e-07
5.30458304353e-07
4.96116575672e-07
4.6203222216e-07
4.28283814569e-07
3.95007162917e-07
3.6227256261e-07
3.30215090859e-07
2.98915736839e-07
2.68469896074e-07
2.38987343551e-07
2.1055209356e-07
1.832367534e-07
1.57133317358e-07
1.32304766261e-07
1.08806625394e-07
8.67110377226e-08
6.60466958422e-08
4.6872833469e-08
2.91953225188e-08
1.30498391154e-08
-1.56536593482e-09
-1.46318025376e-08
-2.617169498e-08
-3.61864906589e-08
-4.47092736434e-08
-5.17668612639e-08
-5.74086575255e-08
-6.16622857169e-08
-6.45920300295e-08
-6.62465904816e-08
-6.67024784102e-08
-6.6027312652e-08
-6.42804137273e-08
-6.15533400054e-08
-5.79147585271e-08
-5.34506571481e-08
-4.82513820446e-08
-4.23894487452e-08
-3.59562691344e-08
-2.9029742899e-08
-2.17070764618e-08
-1.40524690633e-08
-6.16217494013e-09
1.89532656701e-09
1.003723192e-08
1.82025100568e-08
2.63098966151e-08
3.43060029302e-08
4.2121809256e-08
4.97107209083e-08
5.70003630289e-08
6.39669891549e-08
7.05480918381e-08
7.67212668164e-08
8.24395446867e-08
8.76905068329e-08
9.24314920886e-08
9.66642145067e-08
1.00354250951e-07
1.03506536818e-07
1.06108148934e-07
1.08156967931e-07
1.09651026138e-07
1.10603611348e-07
1.11017216584e-07
1.10906745352e-07
1.10278096341e-07
1.09164308566e-07
1.07560850381e-07
1.05513823813e-07
1.03020538811e-07
1.00126489437e-07
9.68427034073e-08
9.3205407734e-08
8.92306256571e-08
8.49573206583e-08
8.03976893051e-08
7.55976484307e-08
7.05684685287e-08
6.53557434433e-08
5.99619522136e-08
5.44531226718e-08
4.88072102237e-08
4.30798028424e-08
3.72731153e-08
3.14404754502e-08
2.55720848721e-08
1.97193194228e-08
1.38726771531e-08
8.08298563355e-09
2.3333985049e-09
-3.31725916514e-09
-8.90449820064e-09
-1.43559532567e-08
-1.97179083436e-08
-2.491456588e-08
-3.00022592102e-08
-3.48944841597e-08
-3.96683919573e-08
-4.42138515029e-08
-4.86333149673e-08
-5.27945103385e-08
-5.68378452576e-08
-6.0574977941e-08
-6.42142443854e-08
-6.74828731736e-08
-7.07003933601e-08
-7.34242824876e-08
-7.62056931631e-08
-7.81737021585e-08
-8.05046642514e-08
-8.06040382656e-08
-8.24504009506e-08
