# optimized from noise_fir_strong.txt on 2026-01-16T18:30:11
# original_taps=1023 new_taps=1023
# scale_factor=0.7 # comp_db=3.098
1.43565397727e-07
1.37689470702e-07
1.3756319662e-07
1.31392506895e-07
1.27556540049e-07
1.21335393716e-07
1.16707804944e-07
1.10571154788e-07
1.05780005479e-07
9.98322210957e-08
9.51230936365e-08
8.94352921792e-08
8.49418307273e-08
7.95707923996e-08
7.53850049509e-08
7.03947010363e-08
6.66144656309e-08
6.2089845222e-08
5.88134439307e-08
5.48377450291e-08
5.21526260526e-08
4.87962264294e-08
4.67694765541e-08
4.40722132405e-08
4.2734583967e-08
4.07289271668e-08
4.01137369209e-08
3.88321941452e-08
3.89905116342e-08
3.84924206501e-08
3.9481105165e-08
3.98128381265e-08
4.17154621911e-08
4.28925648084e-08
4.56379252103e-08
4.76504718152e-08
5.12387471428e-08
5.40387132271e-08
5.8433600794e-08
6.19819672167e-08
6.71470809199e-08
7.14197344827e-08
7.73481553669e-08
8.23237720448e-08
8.89885998822e-08
9.46193398233e-08
1.0194886754e-07
1.08151366621e-07
1.16039332109e-07
1.22690957324e-07
1.31036466754e-07
1.38048168636e-07
1.46775622784e-07
1.54073139546e-07
1.63137007242e-07
1.70675196012e-07
1.80005914281e-07
1.87695427485e-07
1.97188744014e-07
2.0489210081e-07
2.14396861048e-07
2.2194849767e-07
2.31324814879e-07
2.38598154564e-07
2.47757438093e-07
2.54688776413e-07
2.63567448371e-07
2.70126040012e-07
2.78706649031e-07
2.84850712919e-07
2.93080359824e-07
2.98716527965e-07
3.06511245254e-07
3.11565515813e-07
3.18871626208e-07
3.23326078486e-07
3.30178592405e-07
3.34113601282e-07
3.40640256771e-07
3.44184831735e-07
3.5050860962e-07
3.53766888353e-07
3.59975649131e-07
3.62969051111e-07
3.69074504383e-07
3.7181990222e-07
3.77855826436e-07
3.80429165905e-07
3.86517936812e-07
3.89086376933e-07
3.95460144542e-07
3.98257551359e-07
4.05145262945e-07
4.08353500873e-07
4.15893433433e-07
4.19573580903e-07
4.2782206602e-07
4.32027790093e-07
4.4103572861e-07
4.45858830558e-07
4.55804772425e-07
4.61455575229e-07
4.72592357454e-07
4.79330571242e-07
4.91867815433e-07
4.99812673232e-07
5.13792176544e-07
5.22856260435e-07
5.38158548544e-07
5.48164471665e-07
5.64594538674e-07
5.75408200764e-07
5.92935999665e-07
6.04563598319e-07
6.23248660015e-07
6.35772050622e-07
6.55657688122e-07
6.69012416646e-07
6.89965108245e-07
7.03891341326e-07
7.25592426408e-07
7.39750625315e-07
7.61936958019e-07
7.76136965625e-07
7.98741645243e-07
8.13044899468e-07
8.36222424498e-07
8.50762401333e-07
8.74662856639e-07
8.89465235095e-07
9.13952457225e-07
9.28751018296e-07
9.53498802833e-07
9.67927353146e-07
9.92634630247e-07
1.00650413843e-06
1.03122393865e-06
1.04475526526e-06
1.06983744959e-06
1.08345192493e-06
1.10933078639e-06
1.12332574642e-06
1.15021517242e-06
1.16464399594e-06
1.1925124809e-06
1.20736253018e-06
1.23637696108e-06
1.25195739689e-06
1.2826711325e-06
1.29978114157e-06
1.33319744495e-06
1.3528337057e-06
1.38985755551e-06
1.41268907975e-06
1.45376132165e-06
1.47993857259e-06
1.52500200511e-06
1.55430508772e-06
1.60322056057e-06
1.6356787871e-06
1.68871580809e-06
1.72475775679e-06
1.78254061864e-06
1.82271290048e-06
1.88561098142e-06
1.92998426904e-06
1.99769512776e-06
2.04550248073e-06
2.11697780934e-06
2.16699319051e-06
2.2410674087e-06
2.29227993551e-06
2.36823018394e-06
2.42004661144e-06
2.49741682257e-06
2.54928279405e-06
2.62723964874e-06
2.67773317371e-06
2.75427684082e-06
2.80077208686e-06
2.87285968739e-06
2.91205005879e-06
2.97646581492e-06
3.00535528025e-06
3.05952286534e-06
3.0759112645e-06
3.11800850307e-06
3.1200711785e-06
3.14812458094e-06
3.13355710927e-06
3.14487173514e-06
3.11045447566e-06
3.10166819176e-06
3.04411171344e-06
3.01236529072e-06
2.92947546039e-06
2.87354133372e-06
2.76484336647e-06
2.6849931367e-06
2.55108608158e-06
2.44792648466e-06
2.2891258129e-06
2.16266596844e-06
1.97854862804e-06
1.82828375859e-06
1.61850298158e-06
1.44492684317e-06
1.21100821744e-06
1.01697352416e-06
7.63055541887e-07
5.53830629871e-07
2.8582839765e-07
6.77115290486e-08
-2.08232535288e-07
-4.29343380925e-07
-7.07668386112e-07
-9.26029126204e-07
-1.20060282262e-06
-1.40911117602e-06
-1.67152818345e-06
-1.86015444656e-06
-2.09910304731e-06
-2.25537661413e-06
-2.45800599295e-06
-2.56930828674e-06
-2.72383345332e-06
-2.77933905755e-06
-2.87621229235e-06
-2.86720272883e-06
-2.89806186944e-06
-2.81576216412e-06
-2.77123446226e-06
-2.60510005968e-06
-2.47383466771e-06
-2.21209607435e-06
-1.98265568646e-06
-1.61476489832e-06
-1.27856107789e-06
-7.98068039123e-07
-3.50835804428e-07
2.44756157644e-07
8.04146198431e-07
1.51570127e-06
2.18805827416e-06
3.01681075136e-06
3.80347133455e-06
4.75032991296e-06
5.65060673727e-06
6.71260298778e-06
7.72009074027e-06
8.88718025663e-06
9.98794653357e-06
1.12431283983e-05
1.24177931322e-05
1.37407474466e-05
1.49686594312e-05
1.6339090623e-05
1.76001094833e-05
1.89978105866e-05
2.02704463977e-05
2.16718759011e-05
2.29293854165e-05
2.43044664239e-05
2.55134200963e-05
2.68266677826e-05
2.79503401001e-05
2.91655389998e-05
3.01691372236e-05
3.12539712324e-05
3.21073013235e-05
3.30331846389e-05
3.37077879761e-05
3.44455821593e-05
3.49101343915e-05
3.54262305379e-05
3.56448028006e-05
3.59024634306e-05
3.58389199318e-05
3.58048949259e-05
3.54300476779e-05
3.50806877682e-05
3.43760929646e-05
3.36979713239e-05
3.26533647685e-05
3.16382657794e-05
3.02459144365e-05
2.88863391245e-05
2.71389279072e-05
2.5429704752e-05
2.33254311172e-05
2.12707230678e-05
1.88211621194e-05
1.64411777137e-05
1.36743850809e-05
1.10043321825e-05
7.95994174094e-06
5.04213195256e-06
1.76250744971e-06
-1.36106418597e-06
-4.83467841653e-06
-8.1216538526e-06
-1.17442423406e-05
-1.51438213371e-05
-1.88574790368e-05
-2.23030195767e-05
-2.60332980627e-05
-2.94436678924e-05
-3.31061527942e-05
-3.63959962368e-05
-3.99075659404e-05
-4.29967612077e-05
-4.62813449244e-05
-4.90955891559e-05
-5.20790310577e-05
-5.4541071881e-05
-5.71418321879e-05
-5.91642338977e-05
-6.12908382676e-05
-6.27799687058e-05
-6.43411164452e-05
-6.52112812358e-05
-6.61315446139e-05
-6.63185508449e-05
-6.65460288766e-05
-6.60076204533e-05
-6.55077016922e-05
-6.42123384469e-05
-6.29545205591e-05
-6.08702840649e-05
-5.88229119003e-05
-5.59197887613e-05
-5.30596608641e-05
-4.93245917651e-05
-4.56536732913e-05
-4.11044345563e-05
-3.66570665759e-05
-3.13407298888e-05
-2.61739670735e-05
-2.01514386802e-05
-1.43275528035e-05
-7.65930962044e-06
-1.23889661086e-06
6.01271791592e-06
1.29591043903e-05
2.07114895822e-05
2.80832347549e-05
3.62172159243e-05
4.38759431116e-05
5.22393087248e-05
6.00232987608e-05
6.84534431761e-05
7.62029854667e-05
8.45486204449e-05
9.21194289678e-05
0.000100242150037
0.000107494865283
0.000115250784488
0.000122030157423
0.000129252803882
0.000135380568838
0.000141887232512
0.000147181337877
0.000152801149839
0.000157106501261
0.000161706491352
0.00016490938905
0.000168393422963
0.000170405671591
0.000172688227223
0.000173417371525
0.000174398969264
0.000173736896583
0.0001733098444
0.0001711552881
0.000169238503779
0.000165536300284
0.000162108965565
0.000156869102403
0.000151970880305
0.000145250134075
0.000138948670857
0.000130813027896
0.000123172434969
0.000113680838867
0.000104765540084
9.39939881064e-05
8.39078258437e-05
7.19923151698e-05
6.09129327216e-05
4.80656085504e-05
3.62362215101e-05
2.27122949475e-05
1.03905299531e-05
-3.56854942244e-06
-1.61589550017e-05
-3.03538505708e-05
-4.3024210211e-05
-5.72707108618e-05
-6.98194015409e-05
-8.38931826564e-05
-9.60591884371e-05
-0.000109671521548
-0.000121140521343
-0.000133975615015
-0.000144440208686
-0.000156224025988
-0.000165443190273
-0.000175977162162
-0.00018377573993
-0.000192902007689
-0.00019911002896
-0.000206641858218
-0.000211036688236
-0.000216730695789
-0.000219049921344
-0.000222660148825
-0.000222686199429
-0.000224059475069
-0.000221701945027
-0.00022082588212
-0.000216121329608
-0.000213075063693
-0.000206100392689
-0.00020095265869
-0.000191735080002
-0.000184490687099
-0.000173006515411
-0.000163660757585
-0.000149931508852
-0.000138582218897
-0.000122772364437
-0.000109674948791
-9.20847087773e-05
-7.75810741542e-05
-5.8526260776e-05
-4.29053452874e-05
-2.25957786663e-05
-6.0240558033e-06
1.54323180478e-05
3.28282263916e-05
5.52823201071e-05
7.32472934398e-05
9.6359837138e-05
0.000114421481634
0.000137663772325
0.000155228647389
0.000178055625221
0.000194617629831
0.000216661102918
0.000231927605559
0.00025302050372
0.000266824203027
0.000286822521478
0.000298899288747
0.000317479513645
0.000327344031529
0.000344003389327
0.000351084964144
0.000365390184034
0.000369334421871
0.000381202381989
0.000382048749775
0.000391767868813
0.00038979100716
0.000397712888131
0.000393028549439
0.000399192358594
0.000391494063513
0.00039556175703
0.000384279782356
0.000385904346391
0.000370689248052
0.000370005903715
0.000351081200965
0.00034883101887
0.000326813830222
0.000323906007196
0.000299180788141
0.000296064640616
0.000268292899506
0.000264803405076
0.00023314035648
0.000229139602132
0.000193111084827
0.00018948561229
0.000149747473133
0.000148824660504
0.000106913112747
0.000111709434852
6.86559426308e-05
8.14301079355e-05
3.62169941375e-05
5.77127897305e-05
6.96899138778e-06
3.75833040886e-05
-2.29435666996e-05
1.98693293711e-05
-5.35103531254e-05
1.06850847429e-05
-7.72886362737e-05
2.59896646396e-05
-8.12568343463e-05
9.02750062898e-05
-5.44818425348e-05
0.000239403740222
2.67910605715e-06
0.000564636971874
7.43704864606e-05
0.00157012538777
0.000134164522462
0.0133167808866
0.614827477406
0.0133167808865
0.000134164522493
0.00157012538775
7.43704864778e-05
0.000564636971862
2.67910606632e-06
0.00023940374021
-5.44818425212e-05
9.02750062788e-05
-8.12568343421e-05
2.59896646351e-05
-7.72886362662e-05
1.06850847399e-05
-5.35103531213e-05
1.98693293647e-05
-2.29435666933e-05
3.75833040829e-05
6.96899139022e-06
5.77127897276e-05
3.62169941409e-05
8.14301079322e-05
6.86559426327e-05
0.000111709434848
0.000106913112753
0.000148824660501
0.000149747473135
0.000189485612289
0.000193111084829
0.00022913960213
0.000233140356482
0.000264803405073
0.00026829289951
0.000296064640613
0.000299180788142
0.000323906007194
0.000326813830224
0.000348831018869
0.000351081200967
0.000370005903713
0.000370689248055
0.000385904346389
0.000384279782357
0.000395561757029
0.000391494063514
0.000399192358593
0.00039302854944
0.000397712888129
0.000389791007162
0.000391767868812
0.000382048749776
0.000381202381989
0.000369334421873
0.000365390184033
0.000351084964145
0.000344003389325
0.000327344031531
0.000317479513643
0.000298899288747
0.000286822521477
0.000266824203028
0.000253020503719
0.00023192760556
0.000216661102917
0.000194617629832
0.00017805562522
0.00015522864739
0.000137663772324
0.000114421481635
9.63598371372e-05
7.32472934405e-05
5.52823201057e-05
3.2828226393e-05
1.54323180468e-05
-6.02405580255e-06
-2.25957786667e-05
-4.29053452862e-05
-5.85262607767e-05
-7.75810741537e-05
-9.20847087785e-05
-0.00010967494879
-0.000122772364438
-0.000138582218897
-0.000149931508853
-0.000163660757585
-0.000173006515412
-0.000184490687098
-0.000191735080003
-0.000200952658688
-0.00020610039269
-0.000213075063693
-0.000216121329609
-0.000220825882119
-0.000221701945028
-0.000224059475069
-0.00022268619943
-0.000222660148824
-0.000219049921345
-0.000216730695788
-0.000211036688236
-0.000206641858217
-0.000199110028961
-0.000192902007689
-0.000183775739931
-0.000175977162161
-0.000165443190274
-0.000156224025988
-0.000144440208686
-0.000133975615015
-0.000121140521344
-0.000109671521548
-9.60591884378e-05
-8.38931826554e-05
-6.98194015414e-05
-5.72707108614e-05
-4.30242102115e-05
-3.03538505704e-05
-1.61589550022e-05
-3.56854942208e-06
1.03905299524e-05
2.27122949484e-05
3.62362215094e-05
4.80656085506e-05
6.09129327213e-05
7.19923151704e-05
8.39078258434e-05
9.3993988107e-05
0.000104765540084
0.000113680838868
0.000123172434969
0.000130813027896
0.000138948670857
0.000145250134075
0.000151970880305
0.000156869102403
0.000162108965565
0.000165536300285
0.000169238503778
0.0001711552881
0.000173309844399
0.000173736896584
0.000174398969263
0.000173417371525
0.000172688227222
0.000170405671591
0.000168393422963
0.000164909389051
0.000161706491351
0.000157106501262
0.000152801149838
0.000147181337878
0.000141887232512
0.000135380568839
0.000129252803881
0.000122030157423
0.000115250784488
0.000107494865284
0.000100242150037
9.21194289681e-05
8.45486204443e-05
7.62029854673e-05
6.84534431757e-05
6.0023298761e-05
5.22393087247e-05
4.3875943112e-05
3.62172159239e-05
2.80832347551e-05
2.07114895817e-05
1.29591043908e-05
6.01271791554e-06
-1.23889661069e-06
-7.65930962073e-06
-1.43275528033e-05
-2.01514386805e-05
-2.61739670732e-05
-3.13407298891e-05
-3.66570665752e-05
-4.11044345566e-05
-4.56536732912e-05
-4.93245917653e-05
-5.30596608638e-05
-5.59197887616e-05
-5.88229119e-05
-6.08702840654e-05
-6.29545205587e-05
-6.42123384472e-05
-6.55077016921e-05
-6.60076204534e-05
-6.65460288762e-05
-6.63185508451e-05
-6.61315446137e-05
-6.52112812363e-05
-6.43411164448e-05
-6.27799687061e-05
-6.12908382675e-05
-5.91642338978e-05
-5.71418321877e-05
-5.45410718812e-05
-5.20790310575e-05
-4.90955891562e-05
-4.62813449238e-05
-4.29967612078e-05
-3.99075659402e-05
-3.6395996237e-05
-3.3106152794e-05
-2.94436678926e-05
-2.60332980625e-05
-2.2303019577e-05
-1.88574790364e-05
-1.51438213374e-05
-1.17442423405e-05
-8.12165385273e-06
-4.83467841628e-06
-1.36106418611e-06
1.76250744997e-06
5.04213195221e-06
7.95994174126e-06
1.10043321823e-05
1.36743850809e-05
1.64411777135e-05
1.88211621196e-05
2.12707230676e-05
2.33254311173e-05
2.54297047517e-05
2.71389279076e-05
2.88863391244e-05
3.02459144367e-05
3.16382657793e-05
3.26533647687e-05
3.36979713237e-05
3.43760929648e-05
3.50806877679e-05
3.54300476783e-05
3.58048949257e-05
3.58389199318e-05
3.59024634305e-05
3.56448028008e-05
3.54262305377e-05
3.49101343917e-05
3.44455821591e-05
3.37077879764e-05
3.30331846387e-05
3.21073013236e-05
3.12539712323e-05
3.01691372237e-05
2.91655389997e-05
2.79503401002e-05
2.68266677823e-05
2.55134200966e-05
2.43044664238e-05
2.29293854166e-05
2.16718759011e-05
2.02704463979e-05
1.89978105864e-05
1.76001094835e-05
1.63390906227e-05
1.49686594314e-05
1.37407474465e-05
1.24177931322e-05
1.12431283981e-05
9.98794653371e-06
8.88718025648e-06
7.72009074042e-06
6.71260298761e-06
5.65060673755e-06
4.75032991278e-06
3.80347133456e-06
3.01681075127e-06
2.18805827427e-06
1.51570126984e-06
8.04146198594e-07
2.44756157404e-07
-3.50835804245e-07
-7.98068039241e-07
-1.27856107784e-06
-1.61476489836e-06
-1.98265568625e-06
-2.21209607447e-06
-2.4738346676e-06
-2.60510005987e-06
-2.77123446206e-06
-2.81576216427e-06
-2.89806186939e-06
-2.8672027289e-06
-2.87621229228e-06
-2.77933905769e-06
-2.72383345318e-06
-2.56930828693e-06
-2.45800599271e-06
-2.2553766142e-06
-2.0991030473e-06
-1.86015444664e-06
-1.67152818334e-06
-1.40911117618e-06
-1.2006028225e-06
-9.26029126347e-07
-7.07668385952e-07
-4.29343381054e-07
-2.08232535238e-07
6.77115290117e-08
2.85828397783e-07
5.53830629828e-07
7.63055542029e-07
1.01697352398e-06
1.21100821762e-06
1.44492684307e-06
1.61850298158e-06
1.82828375857e-06
1.97854862815e-06
2.16266596829e-06
2.289125813e-06
2.44792648452e-06
2.55108608173e-06
2.68499313664e-06
2.76484336653e-06
2.87354133366e-06
2.92947546046e-06
3.01236529062e-06
3.04411171351e-06
3.10166819161e-06
3.11045447583e-06
3.14487173504e-06
3.13355710926e-06
3.14812458092e-06
3.12007117859e-06
3.11800850298e-06
3.07591126465e-06
3.05952286522e-06
3.00535528037e-06
2.97646581486e-06
2.9120500588e-06
2.87285968733e-06
2.80077208696e-06
2.75427684073e-06
2.67773317376e-06
2.6272396486e-06
2.54928279419e-06
2.49741682249e-06
2.42004661147e-06
2.36823018395e-06
2.29227993556e-06
2.2410674086e-06
2.1669931906e-06
2.1169778092e-06
2.04550248084e-06
1.99769512772e-06
1.92998426903e-06
1.88561098137e-06
1.82271290057e-06
1.78254061857e-06
1.72475775688e-06
1.68871580803e-06
1.63567878723e-06
1.6032205605e-06
1.55430508773e-06
1.52500200509e-06
1.47993857264e-06
1.45376132159e-06
1.41268907985e-06
1.38985755538e-06
1.3528337058e-06
1.33319744492e-06
1.29978114156e-06
1.28267113249e-06
1.25195739698e-06
1.23637696099e-06
1.20736253024e-06
1.19251248081e-06
1.16464399601e-06
1.15021517236e-06
1.12332574644e-06
1.10933078636e-06
1.08345192496e-06
1.06983744954e-06
1.04475526534e-06
1.03122393856e-06
1.00650413856e-06
9.92634630223e-07
9.67927353123e-07
9.53498802828e-07
9.2875101835e-07
9.13952457135e-07
8.89465235178e-07
8.74662856563e-07
8.50762401378e-07
8.3622242446e-07
8.13044899477e-07
7.98741645215e-07
7.76136965685e-07
7.61936957986e-07
7.39750625368e-07
7.25592426312e-07
7.03891341413e-07
6.89965108198e-07
6.6901241663e-07
6.55657688137e-07
6.35772050658e-07
6.23248659934e-07
6.04563598404e-07
5.92935999591e-07
5.75408200828e-07
5.64594538683e-07
5.48164471675e-07
5.38158548519e-07
5.2285626049e-07
5.13792176494e-07
4.99812673276e-07
4.91867815372e-07
4.79330571321e-07
4.72592357406e-07
4.61455575219e-07
4.55804772435e-07
4.45858830583e-07
4.41035728562e-07
4.32027790185e-07
4.27822065934e-07
4.19573580949e-07
4.15893433428e-07
4.08353500848e-07
4.05145262927e-07
3.98257551419e-07
3.95460144479e-07
3.89086376973e-07
3.86517936761e-07
3.80429165962e-07
3.77855826407e-07
3.71819902238e-07
3.69074504392e-07
3.62969051124e-07
3.59975649087e-07
3.53766888422e-07
3.50508609529e-07
3.44184831798e-07
3.40640256771e-07
3.34113601244e-07
3.30178592399e-07
3.23326078536e-07
3.18871626136e-07
3.11565515876e-07
3.06511245216e-07
2.98716527998e-07
2.93080359797e-07
2.84850712924e-07
2.78706649015e-07
2.70126040029e-07
2.63567448342e-07
2.54688776469e-07
2.47757438004e-07
2.3859815463e-07
2.31324814872e-07
2.21948497638e-07
2.14396861077e-07
2.04892100857e-07
1.97188743934e-07
1.87695427562e-07
1.80005914228e-07
1.70675196031e-07
1.63137007244e-07
1.5407313955e-07
1.46775622758e-07
1.38048168665e-07
1.31036466719e-07
1.22690957372e-07
1.16039332038e-07
1.08151366701e-07
1.01948867516e-07
9.46193397861e-08
8.89885999129e-08
8.23237720627e-08
7.73481552808e-08
7.14197345906e-08
6.71470808396e-08
6.19819672321e-08
5.84336008176e-08
5.4038713208e-08
5.1238747119e-08
4.76504718831e-08
4.56379251567e-08
4.28925648584e-08
4.17154621242e-08
3.98128381993e-08
3.94811051231e-08
3.84924206311e-08
3.89905116781e-08
3.88321941428e-08
4.01137368289e-08
4.07289273178e-08
4.27345838286e-08
4.40722132877e-08
4.67694766165e-08
4.87962263579e-08
5.21526260337e-08
5.48377451391e-08
5.88134437894e-08
6.20898453221e-08
6.66144655625e-08
7.0394701103e-08
7.53850048908e-08
7.95707924075e-08
8.49418307716e-08
8.94352921627e-08
9.51230935208e-08
9.98322214151e-08
1.057800051e-07
1.10571154976e-07
1.16707805099e-07
1.21335393371e-07
1.27556540169e-07
1.3139250736e-07
1.37563195576e-07
1.37689471937e-07
1.43565396783e-07
