# optimized from noise_fir_light.txt on 2026-01-16T18:30:11
# original_taps=127 new_taps=127
# scale_factor=0.547566391446 # comp_db=5.231
9.08521292014e-07
9.21982992727e-07
9.64189615378e-07
1.03660284578e-06
1.14449941865e-06
1.29243939391e-06
1.48623222799e-06
1.73101777166e-06
2.0318642656e-06
2.392904485e-06
2.81852924348e-06
3.31414761997e-06
3.88867194493e-06
4.55625942569e-06
5.33809711993e-06
6.26183927364e-06
7.35903382417e-06
8.65939936532e-06
1.0183966384e-05
1.19382160709e-05
1.39088986634e-05
1.60664046348e-05
1.83748883363e-05
2.08082888484e-05
2.33692126821e-05
2.61034270259e-05
2.91039024707e-05
3.24978219235e-05
3.64161808002e-05
4.09501068775e-05
4.61059643027e-05
5.17739165483e-05
5.77271531649e-05
6.36606726905e-05
6.92711933197e-05
7.4362315372e-05
7.89493243412e-05
8.33273345651e-05
8.80704959405e-05
9.39401202843e-05
0.000101705833076
0.000111909587179
0.000124631526957
0.00013932986453
0.000154828484827
0.000169498088602
0.000181637543359
0.000190004098133
0.000194389972681
0.000196104443768
0.00019821387009
0.000205420013865
0.00022352196851
0.000258495192232
0.000315317764447
0.000396750396524
0.000502320923983
0.000627750546487
0.000764997985349
0.000902983751568
0.00102892586772
0.00113008861903
0.0011956499511
0.5
0.0011956499511
0.00113008861903
0.00102892586773
0.000902983751568
0.000764997985349
0.000627750546487
0.000502320923983
0.000396750396524
0.000315317764447
0.000258495192232
0.000223521968509
0.000205420013865
0.00019821387009
0.000196104443768
0.000194389972681
0.000190004098133
0.000181637543359
0.000169498088602
0.000154828484827
0.00013932986453
0.000124631526957
0.000111909587179
0.000101705833076
9.39401202844e-05
8.80704959403e-05
8.33273345652e-05
7.89493243413e-05
7.43623153722e-05
6.92711933198e-05
6.36606726904e-05
5.77271531647e-05
5.17739165486e-05
4.61059643025e-05
4.09501068774e-05
3.64161808003e-05
3.24978219235e-05
2.91039024708e-05
2.6103427026e-05
2.33692126821e-05
2.08082888482e-05
1.83748883363e-05
1.60664046348e-05
1.39088986633e-05
1.1938216071e-05
1.01839663839e-05
8.65939936527e-06
7.3590338242e-06
6.26183927366e-06
5.33809711994e-06
4.55625942567e-06
3.88867194498e-06
3.31414761991e-06
2.8185292435e-06
2.39290448505e-06
2.03186426548e-06
1.73101777185e-06
1.48623222786e-06
1.29243939397e-06
1.14449941864e-06
1.03660284576e-06
9.64189615382e-07
9.21982992731e-07
9.08521291987e-07
