# optimized from noise_fir_medium.txt on 2026-01-16T18:30:11
# original_taps=1023 new_taps=1023
# scale_factor=0.7 # comp_db=3.098
1.27442768298e-07
1.21923601469e-07
1.21557957604e-07
1.15756111788e-07
1.12083449538e-07
1.06231390469e-07
1.01857097462e-07
9.61006489429e-08
9.15960412068e-08
8.60260120685e-08
8.16263803619e-08
7.63094374059e-08
7.21238469071e-08
6.71167697011e-08
6.3238197474e-08
5.86010505417e-08
5.5125338038e-08
5.09443753804e-08
4.79606644936e-08
4.43284226163e-08
4.19328028525e-08
3.89115161827e-08
3.71666189535e-08
3.48005126902e-08
3.37368002459e-08
3.20496859426e-08
3.16958857204e-08
3.07249907331e-08
3.11333672411e-08
3.0934180952e-08
3.21758595675e-08
3.28016924701e-08
3.49481053607e-08
3.64342492271e-08
3.94272813358e-08
4.17453222438e-08
4.55816121581e-08
4.86938089911e-08
5.33335304899e-08
5.71970582601e-08
6.26205327763e-08
6.72187568083e-08
7.34211296336e-08
7.87506749057e-08
8.5712626784e-08
9.17275785092e-08
9.93857337375e-08
1.05999482195e-07
1.14260500468e-07
1.21358652413e-07
1.30112777105e-07
1.37615581014e-07
1.46790626339e-07
1.54639041128e-07
1.64211050703e-07
1.72365092187e-07
1.82275317396e-07
1.90667720015e-07
2.00823087779e-07
2.09309268668e-07
2.19568659287e-07
2.27994452545e-07
2.38204196156e-07
2.46454924231e-07
2.5654395967e-07
2.64562673137e-07
2.74490018861e-07
2.82266066364e-07
2.92026918923e-07
2.99525848811e-07
3.09074037276e-07
3.1620962631e-07
3.25460632537e-07
3.32165293251e-07
3.41065366044e-07
3.47313560285e-07
3.55912632432e-07
3.61792950881e-07
3.70234715049e-07
3.75907131229e-07
3.84330154823e-07
3.89900900202e-07
3.98385069851e-07
4.03898106711e-07
4.12454207577e-07
4.17893250891e-07
4.26553935274e-07
4.31993770039e-07
4.40889061582e-07
4.46521555931e-07
4.55900273979e-07
4.61968545442e-07
4.72067672298e-07
4.78771188383e-07
4.89727983477e-07
4.97134373417e-07
5.0901042132e-07
5.17134115657e-07
5.29951694249e-07
5.38890443729e-07
5.52853110488e-07
5.62834662866e-07
5.7821361245e-07
5.89516851721e-07
6.06540227745e-07
6.19313312942e-07
6.38029808579e-07
6.52182698165e-07
6.72438584263e-07
6.87768824434e-07
7.0938518284e-07
7.25755525315e-07
7.48699373725e-07
7.66156845904e-07
7.90519696231e-07
8.09157127125e-07
8.35036425968e-07
8.54833265672e-07
8.82070864521e-07
9.02753420087e-07
9.31036633814e-07
9.52260275647e-07
9.81285658633e-07
1.00283122484e-06
1.03256441774e-06
1.05451611259e-06
1.08515885977e-06
1.10773706021e-06
1.13945023423e-06
1.16267907116e-06
1.19534833033e-06
1.2189426713e-06
1.25218145134e-06
1.27572688224e-06
1.30922408721e-06
1.33252257471e-06
1.36631060733e-06
1.38958944181e-06
1.42409536828e-06
1.44781267944e-06
1.48347779796e-06
1.50796570903e-06
1.54496363008e-06
1.57020411457e-06
1.60845598251e-06
1.63437404587e-06
1.67393710361e-06
1.70079303577e-06
1.74223250177e-06
1.77083943611e-06
1.8151894096e-06
1.84656041189e-06
1.8947407688e-06
1.92957355556e-06
1.98200278191e-06
2.02032530767e-06
2.07681869283e-06
2.11834662267e-06
2.17869937137e-06
2.22336421245e-06
2.28779802773e-06
2.33607109259e-06
2.4052550283e-06
2.45776519655e-06
2.53213229773e-06
2.58894223797e-06
2.66816105304e-06
2.72841706765e-06
2.81133060398e-06
2.87371470175e-06
2.95908224027e-06
3.02253146264e-06
3.10959834415e-06
3.17362666924e-06
3.26210643237e-06
3.326256221e-06
3.4154130157e-06
3.47834076258e-06
3.56616948926e-06
3.62522308274e-06
3.70858924985e-06
3.7603493925e-06
3.83598559466e-06
3.87744935662e-06
3.94283946889e-06
3.97191705769e-06
4.0253966936e-06
4.04051303315e-06
4.08033844347e-06
4.07926738417e-06
4.10270712562e-06
4.08216521421e-06
4.08576536751e-06
4.04230243781e-06
4.02308597909e-06
3.95450823091e-06
3.91124870642e-06
3.81720690449e-06
3.75037533169e-06
3.63162503598e-06
3.54198384552e-06
3.39889652688e-06
3.28635804203e-06
3.11825923909e-06
2.98200602259e-06
2.78827936453e-06
2.62852848371e-06
2.41047291829e-06
2.22995009624e-06
1.9916824123e-06
1.79571163431e-06
1.54320315664e-06
1.33805571663e-06
1.07725694017e-06
8.68518099665e-07
6.04584612871e-07
3.97414777687e-07
1.35856354065e-07
-6.31959180572e-08
-3.14448365995e-07
-4.95695462197e-07
-7.25446889685e-07
-8.76535359206e-07
-1.07210945217e-06
-1.18049037269e-06
-1.33035076913e-06
-1.38580737763e-06
-1.48109076663e-06
-1.47555044578e-06
-1.5086682119e-06
-1.43414276195e-06
-1.39624172362e-06
-1.24258833265e-06
-1.12247039857e-06
-8.77794537403e-07
-6.63981512687e-07
-3.17818482522e-07
-1.84024020261e-09
4.51976341532e-07
8.7380956393e-07
1.43715627372e-06
1.96541280252e-06
2.63858911941e-06
3.27381212698e-06
4.05815308377e-06
4.80202966884e-06
5.69900901932e-06
6.55153669233e-06
7.55878252197e-06
8.51396352248e-06
9.62163634779e-06
1.06656122082e-05
1.18566116629e-05
1.29699449774e-05
1.42240407532e-05
1.53863986939e-05
1.66841613326e-05
1.78766214166e-05
1.91992006966e-05
2.04018063027e-05
2.17270738989e-05
2.29142662359e-05
2.42131225562e-05
2.53520975205e-05
2.65894310127e-05
2.76439230772e-05
2.87841380978e-05
2.97203007234e-05
3.07323922139e-05
3.15217212869e-05
3.23791298365e-05
3.29952701333e-05
3.36707163062e-05
3.40838776687e-05
3.45447876002e-05
3.47196126381e-05
3.49295804648e-05
3.48300694175e-05
3.47561799219e-05
3.43538133363e-05
3.39733796881e-05
3.32512275105e-05
3.25524368606e-05
3.15018328899e-05
3.04779108664e-05
2.90919100885e-05
2.77355103443e-05
2.60063103277e-05
2.43111163801e-05
2.22357452902e-05
2.02049352533e-05
1.7794142801e-05
1.54476416253e-05
1.27296728937e-05
1.01030033534e-05
7.11780840203e-06
4.25318866309e-06
1.04245102996e-06
-2.01967957864e-06
-5.41715110129e-06
-8.63741759663e-06
-1.21798183338e-05
-1.55105069659e-05
-1.91424244731e-05
-2.25187874722e-05
-2.6167137257e-05
-2.95089716109e-05
-3.30902354189e-05
-3.63134316346e-05
-3.9746501549e-05
-4.27739314312e-05
-4.59864356248e-05
-4.87481258196e-05
-5.16704332838e-05
-5.40933397847e-05
-5.66472081923e-05
-5.86461772111e-05
-6.07416073326e-05
-6.22237249595e-05
-6.37698902643e-05
-6.4650384983e-05
-6.55733277676e-05
-6.5790391039e-05
-6.60415575484e-05
-6.55568239279e-05
-6.51053323532e-05
-6.3890285098e-05
-6.27076167592e-05
-6.07309737485e-05
-5.87845768489e-05
-5.60145442112e-05
-5.3279085895e-05
-4.97007003714e-05
-4.61768229721e-05
-4.18074541695e-05
-3.75302110095e-05
-3.24182738686e-05
-2.74458013588e-05
-2.16525568301e-05
-1.6045936618e-05
-9.62880360065e-06
-3.44392343128e-06
3.54058880061e-06
1.02395235078e-05
1.77148604247e-05
2.48322897339e-05
3.26828761025e-05
4.0082776044e-05
4.81580129023e-05
5.56802000236e-05
6.38197435081e-05
7.13085629592e-05
7.93670388269e-05
8.66859676712e-05
9.45340876779e-05
0.000101553270577
0.000109055798479
0.000115627061925
0.000122622698405
0.00012857098193
0.000134878550486
0.000140023073098
0.000145473765716
0.000149663172594
0.000154129781706
0.000157258090692
0.000160653409442
0.000162641445209
0.000164887653446
0.000165648533883
0.00016664861636
0.000166073801574
0.000165717560646
0.000163702662907
0.000161906426058
0.000158395376998
0.000155139751672
0.000150146465596
0.000145476301571
0.000139062673725
0.000133048965519
0.000125281426762
0.000117984805266
0.000108915177247
0.000100390316683
9.00839741249e-05
8.04246432709e-05
6.90099781494e-05
5.83894129369e-05
4.60773689825e-05
3.4739327191e-05
2.17858551749e-05
9.98702193334e-06
-3.37082440774e-06
-1.54161093596e-05
-2.89924871954e-05
-4.11119635234e-05
-5.4739771875e-05
-6.67478381586e-05
-8.02151985686e-05
-9.1858706113e-05
-0.00010488002973
-0.00011584475511
-0.0001281035053
-0.000138083269946
-0.000149310164111
-0.000158074394103
-0.000168086194707
-0.000175478443299
-0.000184136622169
-0.000190003910326
-0.000197133307892
-0.000201258377774
-0.000206614048015
-0.000208728542765
-0.000212056635844
-0.0002119370593
-0.000213083005711
-0.000210644376622
-0.000209607202508
-0.000204902210554
-0.000201777451637
-0.000194896322492
-0.000189758554975
-0.000180725735585
-0.000173567879547
-0.000162341682143
-0.00015313778211
-0.000139721332518
-0.000128557027828
-0.000113112089726
-0.000100248317514
-8.30874073056e-05
-6.88792004669e-05
-5.03280217398e-05
-3.50643479239e-05
-1.53213487917e-05
8.55242513168e-07
2.17139150308e-05
3.87127656992e-05
6.05694357797e-05
7.81580142684e-05
0.000100681651772
0.000118383592122
0.000141030374561
0.000158234976262
0.000180445841351
0.00019664633028
0.000218067169445
0.000233002983464
0.000253509517779
0.000267062170958
0.000286551807878
0.00029848596273
0.0003166413538
0.000326459304068
0.00034274654886
0.000349842412897
0.000363795408636
0.000367801470158
0.000379344732344
0.000380336959156
0.000389810939374
0.000388127893749
0.000395936065055
0.000391728088104
0.000397906623704
0.000390835374652
0.000394980244299
0.000384403437407
0.000386093610112
0.000371621963994
0.000370983473478
0.000352885371917
0.000350729889341
0.000329723142818
0.000327039146955
0.000303568076487
0.000300792598752
0.000274461572946
0.000271295700029
0.000241118520482
0.000237259721575
0.000202671214935
0.000198955411165
0.000160692841462
0.000159568601633
0.000119398286673
0.000124055253128
8.32005650057e-05
9.58927596319e-05
5.32879267485e-05
7.44387842837e-05
2.64247096107e-05
5.59189410926e-05
-1.99270550954e-06
3.8572055883e-05
-3.2060269508e-05
2.88591044859e-05
-5.52563770138e-05
4.41426934044e-05
-5.65757400592e-05
0.000110449533013
-2.33622702101e-05
0.000263372972717
4.40865493211e-05
0.00058866994929
0.000127653841352
0.00156391109664
0.000197046779724
0.0127987758271
0.616152307873
0.012798775827
0.000197046779755
0.00156391109662
0.00012765384137
0.000588669949278
4.40865493303e-05
0.000263372972704
-2.33622701966e-05
0.000110449533002
-5.65757400549e-05
4.41426933998e-05
-5.52563770063e-05
2.88591044829e-05
-3.2060269504e-05
3.85720558765e-05
-1.99270550326e-06
5.59189410868e-05
2.64247096132e-05
7.44387842808e-05
5.3287926752e-05
9.58927596286e-05
8.32005650077e-05
0.000124055253124
0.000119398286679
0.000159568601631
0.000160692841465
0.000198955411163
0.000202671214937
0.000237259721572
0.000241118520484
0.000271295700026
0.00027446157295
0.000300792598749
0.000303568076488
0.000327039146953
0.00032972314282
0.000350729889339
0.000352885371919
0.000370983473476
0.000371621963996
0.000386093610109
0.000384403437408
0.000394980244297
0.000390835374654
0.000397906623702
0.000391728088105
0.000395936065054
0.000388127893752
0.000389810939373
0.000380336959157
0.000379344732343
0.000367801470159
0.000363795408635
0.000349842412898
0.000342746548858
0.00032645930407
0.000316641353799
0.000298485962731
0.000286551807877
0.000267062170959
0.000253509517778
0.000233002983465
0.000218067169444
0.000196646330282
0.000180445841349
0.000158234976263
0.00014103037456
0.000118383592123
0.000100681651772
7.81580142691e-05
6.05694357783e-05
3.87127657006e-05
2.17139150297e-05
8.55242513934e-07
-1.5321348792e-05
-3.50643479227e-05
-5.03280217405e-05
-6.88792004664e-05
-8.30874073068e-05
-0.000100248317512
-0.000113112089727
-0.000128557027828
-0.000139721332519
-0.00015313778211
-0.000162341682144
-0.000173567879547
-0.000180725735585
-0.000189758554973
-0.000194896322493
-0.000201777451637
-0.000204902210554
-0.000209607202507
-0.000210644376623
-0.000213083005711
-0.0002119370593
-0.000212056635843
-0.000208728542766
-0.000206614048015
-0.000201258377774
-0.000197133307891
-0.000190003910327
-0.000184136622168
-0.0001754784433
-0.000168086194706
-0.000158074394103
-0.00014931016411
-0.000138083269946
-0.000128103505299
-0.000115844755111
-0.000104880029729
-9.18587061138e-05
-8.02151985676e-05
-6.67478381591e-05
-5.47397718746e-05
-4.11119635239e-05
-2.8992487195e-05
-1.54161093602e-05
-3.37082440739e-06
9.98702193263e-06
2.17858551757e-05
3.47393271903e-05
4.60773689827e-05
5.83894129365e-05
6.900997815e-05
8.04246432707e-05
9.00839741255e-05
0.000100390316683
0.000108915177247
0.000117984805266
0.000125281426762
0.000133048965519
0.000139062673726
0.000145476301571
0.000150146465596
0.000155139751671
0.000158395376999
0.000161906426058
0.000163702662907
0.000165717560646
0.000166073801574
0.00016664861636
0.000165648533883
0.000164887653446
0.00016264144521
0.000160653409441
0.000157258090692
0.000154129781705
0.000149663172595
0.000145473765716
0.000140023073098
0.000134878550486
0.00012857098193
0.000122622698405
0.000115627061925
0.000109055798479
0.000101553270577
9.45340876776e-05
8.66859676715e-05
7.93670388263e-05
7.13085629597e-05
6.38197435077e-05
5.56802000238e-05
4.81580129022e-05
4.00827760444e-05
3.26828761021e-05
2.48322897341e-05
1.77148604242e-05
1.02395235083e-05
3.54058880023e-06
-3.44392343111e-06
-9.62880360094e-06
-1.60459366178e-05
-2.16525568303e-05
-2.74458013585e-05
-3.24182738689e-05
-3.75302110089e-05
-4.18074541698e-05
-4.6176822972e-05
-4.97007003716e-05
-5.32790858947e-05
-5.60145442115e-05
-5.87845768487e-05
-6.07309737489e-05
-6.27076167588e-05
-6.38902850983e-05
-6.51053323531e-05
-6.5556823928e-05
-6.6041557548e-05
-6.57903910392e-05
-6.55733277674e-05
-6.46503849834e-05
-6.37698902639e-05
-6.22237249599e-05
-6.07416073325e-05
-5.86461772112e-05
-5.66472081921e-05
-5.4093339785e-05
-5.16704332835e-05
-4.87481258199e-05
-4.59864356243e-05
-4.27739314313e-05
-3.97465015488e-05
-3.63134316348e-05
-3.30902354187e-05
-2.95089716111e-05
-2.61671372568e-05
-2.25187874725e-05
-1.91424244727e-05
-1.55105069662e-05
-1.21798183337e-05
-8.63741759675e-06
-5.41715110104e-06
-2.01967957879e-06
1.04245103023e-06
4.25318866274e-06
7.11780840235e-06
1.01030033531e-05
1.27296728938e-05
1.54476416252e-05
1.77941428012e-05
2.0204935253e-05
2.22357452904e-05
2.43111163798e-05
2.60063103281e-05
2.77355103441e-05
2.90919100886e-05
3.04779108663e-05
3.150183289e-05
3.25524368604e-05
3.32512275107e-05
3.39733796878e-05
3.43538133366e-05
3.47561799217e-05
3.48300694175e-05
3.49295804647e-05
3.47196126382e-05
3.45447876e-05
3.40838776689e-05
3.3670716306e-05
3.29952701336e-05
3.23791298363e-05
3.1521721287e-05
3.07323922138e-05
2.97203007235e-05
2.87841380976e-05
2.76439230773e-05
2.65894310124e-05
2.53520975208e-05
2.42131225561e-05
2.29142662361e-05
2.17270738989e-05
2.04018063029e-05
1.91992006964e-05
1.78766214168e-05
1.66841613324e-05
1.53863986941e-05
1.42240407531e-05
1.29699449774e-05
1.18566116628e-05
1.06656122083e-05
9.62163634764e-06
8.51396352262e-06
7.5587825218e-06
6.55153669262e-06
5.69900901914e-06
4.80202966885e-06
4.05815308368e-06
3.27381212708e-06
2.63858911926e-06
1.96541280268e-06
1.43715627348e-06
8.73809564119e-07
4.51976341413e-07
-1.84024015533e-09
-3.17818482566e-07
-6.63981512483e-07
-8.77794537519e-07
-1.12247039846e-06
-1.24258833284e-06
-1.39624172342e-06
-1.4341427621e-06
-1.50866821184e-06
-1.47555044585e-06
-1.48109076656e-06
-1.38580737778e-06
-1.330350769e-06
-1.18049037289e-06
-1.07210945194e-06
-8.76535359279e-07
-7.25446889682e-07
-4.95695462278e-07
-3.1444836588e-07
-6.31959182108e-08
1.35856354181e-07
3.97414777543e-07
6.04584613029e-07
8.68518099537e-07
1.07725694022e-06
1.33805571659e-06
1.54320315677e-06
1.79571163426e-06
1.99168241245e-06
2.22995009607e-06
2.41047291848e-06
2.62852848362e-06
2.78827936453e-06
2.98200602257e-06
3.1182592392e-06
3.28635804189e-06
3.39889652699e-06
3.54198384538e-06
3.63162503613e-06
3.75037533164e-06
3.81720690455e-06
3.91124870636e-06
3.95450823098e-06
4.02308597899e-06
4.04230243788e-06
4.08576536736e-06
4.08216521439e-06
4.10270712552e-06
4.07926738416e-06
4.08033844345e-06
4.04051303324e-06
4.02539669352e-06
3.97191705785e-06
3.94283946877e-06
3.87744935673e-06
3.8359855946e-06
3.76034939251e-06
3.70858924979e-06
3.62522308284e-06
3.56616948917e-06
3.47834076264e-06
3.41541301557e-06
3.32625622113e-06
3.26210643229e-06
3.17362666927e-06
3.10959834416e-06
3.0225314627e-06
2.95908224016e-06
2.87371470185e-06
2.81133060384e-06
2.72841706776e-06
2.668161053e-06
2.58894223796e-06
2.53213229768e-06
2.45776519664e-06
2.40525502822e-06
2.33607109268e-06
2.28779802767e-06
2.22336421258e-06
2.1786993713e-06
2.11834662269e-06
2.07681869281e-06
2.02032530771e-06
1.98200278185e-06
1.92957355565e-06
1.89474076866e-06
1.84656041199e-06
1.81518940957e-06
1.7708394361e-06
1.74223250177e-06
1.70079303586e-06
1.67393710352e-06
1.63437404594e-06
1.60845598242e-06
1.57020411464e-06
1.54496363003e-06
1.50796570906e-06
1.48347779793e-06
1.44781267947e-06
1.42409536822e-06
1.38958944189e-06
1.36631060724e-06
1.33252257484e-06
1.30922408718e-06
1.27572688222e-06
1.25218145133e-06
1.21894267135e-06
1.19534833024e-06
1.16267907125e-06
1.13945023415e-06
1.10773706026e-06
1.08515885973e-06
1.0545161126e-06
1.03256441771e-06
1.0028312249e-06
9.812856586e-07
9.522602757e-07
9.31036633717e-07
9.02753420173e-07
8.82070864473e-07
8.54833265655e-07
8.35036425983e-07
8.09157127162e-07
7.9051969615e-07
7.6615684599e-07
7.4869937365e-07
7.2575552538e-07
7.09385182849e-07
6.87768824444e-07
6.72438584237e-07
6.5218269822e-07
6.38029808528e-07
6.19313312986e-07
6.06540227684e-07
5.89516851802e-07
5.78213612401e-07
5.62834662857e-07
5.52853110497e-07
5.38890443754e-07
5.299516942e-07
5.1713411575e-07
5.09010421234e-07
4.97134373466e-07
4.89727983472e-07
4.78771188357e-07
4.7206767228e-07
4.61968545502e-07
4.55900273915e-07
4.46521555971e-07
4.4088906153e-07
4.31993770097e-07
4.26553935243e-07
4.17893250909e-07
4.12454207587e-07
4.03898106724e-07
3.98385069807e-07
3.8990090027e-07
3.84330154731e-07
3.7590713129e-07
3.7023471505e-07
3.61792950842e-07
3.55912632426e-07
3.47313560335e-07
3.41065365972e-07
3.32165293315e-07
3.25460632499e-07
3.16209626344e-07
3.09074037249e-07
2.99525848817e-07
2.92026918907e-07
2.82266066381e-07
2.74490018832e-07
2.64562673193e-07
2.5654395958e-07
2.46454924297e-07
2.38204196148e-07
2.27994452512e-07
2.19568659316e-07
2.09309268714e-07
2.00823087698e-07
1.90667720093e-07
1.82275317342e-07
1.72365092207e-07
1.64211050705e-07
1.54639041133e-07
1.46790626313e-07
1.37615581043e-07
1.3011277707e-07
1.21358652461e-07
1.14260500397e-07
1.05999482276e-07
9.93857337138e-08
9.17275784722e-08
8.57126268148e-08
7.87506749236e-08
7.34211295474e-08
6.72187569163e-08
6.26205326955e-08
5.71970582757e-08
5.33335305134e-08
4.8693808972e-08
4.55816121343e-08
4.17453223119e-08
3.94272812818e-08
3.64342492771e-08
3.49481052935e-08
3.28016925431e-08
3.21758595255e-08
3.09341809335e-08
3.11333672849e-08
3.07249907309e-08
3.16958856281e-08
3.20496860941e-08
3.3736800107e-08
3.48005127368e-08
3.71666190161e-08
3.89115161114e-08
4.19328028335e-08
4.43284227268e-08
4.79606643518e-08
5.0944375481e-08
5.51253379694e-08
5.86010506081e-08
6.32381974137e-08
6.71167697086e-08
7.21238469512e-08
7.63094373895e-08
8.16263802455e-08
8.60260123891e-08
9.15960408271e-08
9.61006491325e-08
1.01857097618e-07
1.06231390123e-07
1.12083449659e-07
1.15756112256e-07
1.21557956555e-07
1.21923602709e-07
1.2744276735e-07
