# optimized from noise_fir_default.txt on 2026-01-16T18:30:11
# original_taps=1023 new_taps=2047
# scale_factor=0.7 # comp_db=3.098
1.26247135053e-11
1.20420774876e-11
1.24573549474e-11
1.20452270655e-11
1.25726631509e-11
1.20517020258e-11
1.24635247585e-11
1.20555904577e-11
1.25859416604e-11
1.20710183706e-11
1.24861455246e-11
1.20805075763e-11
1.26168558322e-11
1.21058807789e-11
1.25252858327e-11
1.21214664406e-11
1.26648861687e-11
1.21570736696e-11
1.25813423044e-11
1.21788674072e-11
1.27302771723e-11
1.22248329721e-11
1.2654498016e-11
1.22527558805e-11
1.28134974709e-11
1.23090878476e-11
1.27447579345e-11
1.23424093438e-11
1.29186055918e-11
1.24090775966e-11
1.2852624727e-11
1.24425921912e-11
1.30945083772e-11
1.25276108207e-11
1.29751626243e-11
1.256335394e-11
1.31472497371e-11
1.26359876645e-11
1.30829197676e-11
1.26722786699e-11
1.32634060944e-11
1.27540138205e-11
1.32075061058e-11
1.27959663471e-11
1.3397797737e-11
1.28884277786e-11
1.33494228467e-11
1.29366068898e-11
1.35504287297e-11
1.30402012248e-11
1.3509428116e-11
1.30947717129e-11
1.37217214701e-11
1.32099278189e-11
1.36879436017e-11
1.3270858475e-11
1.39124440083e-11
1.33978432921e-11
1.38852965229e-11
1.34643021445e-11
1.41279484938e-11
1.36044344764e-11
1.41035201763e-11
1.36700884002e-11
1.44370094753e-11
1.38496754649e-11
1.43553741125e-11
1.39170510159e-11
1.45972742713e-11
1.40627979476e-11
1.45705201774e-11
1.41302375846e-11
1.48225398207e-11
1.42860234858e-11
1.48036417276e-11
1.43592091211e-11
1.5067789454e-11
1.45273204378e-11
1.50559983884e-11
1.46069272875e-11
1.53333300546e-11
1.4788216355e-11
1.53285862503e-11
1.48743832597e-11
1.56199982919e-11
1.50695056641e-11
1.56223216213e-11
1.51622431692e-11
1.59290636715e-11
1.53718013019e-11
1.59377390364e-11
1.54702814078e-11
1.62674244926e-11
1.56971582056e-11
1.62789775963e-11
1.57934538155e-11
1.67352275278e-11
1.60917082831e-11
1.66824204303e-11
1.61884761177e-11
1.70121855276e-11
1.64211778447e-11
1.70164012655e-11
1.65172171528e-11
1.73586975847e-11
1.6761741129e-11
1.73704637641e-11
1.68636478062e-11
1.77281191543e-11
1.71233372869e-11
1.77468355458e-11
1.72318232853e-11
1.8121321746e-11
1.75079387482e-11
1.81470554477e-11
1.76233282013e-11
1.8539599632e-11
1.79168507075e-11
1.85723401419e-11
1.80392451648e-11
1.89847000501e-11
1.83512410964e-11
1.90239649323e-11
1.84794701129e-11
1.94661455209e-11
1.88152170528e-11
1.95083838351e-11
1.8938949578e-11
2.01330637819e-11
1.93961552623e-11
2.01003779158e-11
1.95183495787e-11
2.05434896232e-11
1.98605732342e-11
2.0571644407e-11
1.99809261372e-11
2.1030744269e-11
2.03378240658e-11
2.1066432831e-11
2.0464049402e-11
2.15455925527e-11
2.08406159353e-11
2.15881217292e-11
2.09736984362e-11
2.20894586623e-11
2.13717070588e-11
2.21392120664e-11
2.15120384318e-11
2.2664258082e-11
2.19330520715e-11
2.27212725019e-11
2.20807539564e-11
2.32726990314e-11
2.2526346269e-11
2.33364764521e-11
2.26801240791e-11
2.39278090261e-11
2.31588285294e-11
2.39947840538e-11
2.33050662592e-11
2.48556035251e-11
2.39846655918e-11
2.48330263846e-11
2.41254482679e-11
2.54263231705e-11
2.46120277618e-11
2.54696850375e-11
2.47493523666e-11
2.60841003914e-11
2.52553296441e-11
2.61348264219e-11
2.53985212176e-11
2.6776205692e-11
2.59308202306e-11
2.68340703225e-11
2.60811885921e-11
2.75053581373e-11
2.66424632229e-11
2.75706685967e-11
2.68005558947e-11
2.82743540183e-11
2.73931550859e-11
2.83473675667e-11
2.75591591433e-11
2.90869331606e-11
2.81857186354e-11
2.91670564868e-11
2.83579026476e-11
2.99612091336e-11
2.90313746709e-11
3.00448578729e-11
2.91916568985e-11
3.12447154104e-11
3.0192721249e-11
3.12188546187e-11
3.03409303096e-11
3.20170315602e-11
3.10247319211e-11
3.20628877882e-11
3.11674151979e-11
3.28897175525e-11
3.18778507772e-11
3.29428043927e-11
3.20262001932e-11
3.38071945553e-11
3.27732576686e-11
3.38676051338e-11
3.29290428628e-11
3.47736470839e-11
3.37166654683e-11
3.48418529446e-11
3.38807357225e-11
3.57932171016e-11
3.47124008856e-11
3.58696317574e-11
3.48848990282e-11
3.68715012043e-11
3.57647141915e-11
3.6955457256e-11
3.59435656276e-11
3.80337528923e-11
3.68910692326e-11
3.81213676207e-11
3.70525813107e-11
3.98205867808e-11
3.85302404996e-11
3.97712561506e-11
3.86673027557e-11
4.08576485831e-11
3.96299670175e-11
4.08859790146e-11
3.9758530848e-11
4.20131210085e-11
4.0759139602e-11
4.20481275256e-11
4.08930714487e-11
4.32291509808e-11
4.19464645845e-11
4.32714698276e-11
4.20880566917e-11
4.45125240586e-11
4.31999685655e-11
4.45630362085e-11
4.33502259768e-11
4.58697877517e-11
4.45263330457e-11
4.59286718883e-11
4.4685551803e-11
4.73088280554e-11
4.59320784014e-11
4.73754980382e-11
4.60973707489e-11
4.88654013448e-11
4.74438533486e-11
4.8935514778e-11
4.75840659234e-11
5.13929360747e-11
4.97901568625e-11
5.12869616335e-11
4.98844516537e-11
5.27940530723e-11
5.12552308136e-11
5.27706789716e-11
5.13367882419e-11
5.43380486354e-11
5.27645004135e-11
5.43201788232e-11
5.28503179883e-11
5.59682437028e-11
5.43572254449e-11
5.59569200832e-11
5.44500976953e-11
5.76951116087e-11
5.60453617092e-11
5.76914513647e-11
5.61469204161e-11
5.95285634211e-11
5.78388722327e-11
5.95332923568e-11
5.79494408417e-11
6.14812235809e-11
5.97484006232e-11
6.14930063813e-11
5.98641415047e-11
6.36045866678e-11
6.18144685527e-11
6.36180184222e-11
6.18943004908e-11
6.72708416873e-11
6.52536436463e-11
6.7049562147e-11
6.52486125382e-11
6.91978517621e-11
6.72427935705e-11
6.9061780723e-11
6.7217880283e-11
7.13047215342e-11
6.93025385414e-11
7.11703188977e-11
6.92792248013e-11
7.35400683203e-11
7.14881093677e-11
7.34099068018e-11
7.14702430421e-11
7.59217288892e-11
7.3818619258e-11
7.57968546573e-11
7.38076668629e-11
7.84655906303e-11
7.63095285783e-11
7.83471036138e-11
7.63060092087e-11
8.11917823692e-11
7.89783367079e-11
8.10770560464e-11
7.89769099151e-11
8.41769767522e-11
8.18886516715e-11
8.40584197646e-11
8.18346963908e-11
8.96918760432e-11
8.71081307043e-11
8.92441569852e-11
8.68968911593e-11
9.24256460204e-11
8.98951727931e-11
9.20585735106e-11
8.96515224145e-11
9.53998079695e-11
9.28037450906e-11
9.50261032995e-11
9.25543085039e-11
9.85800011343e-11
9.59151842673e-11
9.82026174706e-11
9.56644830044e-11
1.01996027088e-10
9.92601225015e-11
1.01616436347e-10
9.90105508904e-11
1.05675689438e-10
1.02866177313e-10
1.05294501836e-10
1.02617685171e-10
1.09653395439e-10
1.06763642377e-10
1.0926581494e-10
1.06507308257e-10
1.14049721635e-10
1.11056290001e-10
1.13642097019e-10
1.10719015104e-10
1.22788193194e-10
1.19387261453e-10
1.21883560393e-10
1.18748856863e-10
1.26859844746e-10
1.23489294607e-10
1.2601515504e-10
1.22790974225e-10
1.31287958027e-10
1.27818729971e-10
1.30413301251e-10
1.27094904945e-10
1.36076699488e-10
1.32504944615e-10
1.35175799772e-10
1.31760447382e-10
1.41281990964e-10
1.37603741788e-10
1.40355335469e-10
1.36839828782e-10
1.46957998998e-10
1.4316782628e-10
1.46003470836e-10
1.42381862759e-10
1.5317040612e-10
1.49256937754e-10
1.52176139811e-10
1.4843239818e-10
1.60125089135e-10
1.56054241448e-10
1.59065048758e-10
1.55088836182e-10
1.75088355504e-10
1.7039723867e-10
1.73190564799e-10
1.68817577243e-10
1.81641718879e-10
1.76921387974e-10
1.79735606748e-10
1.75211983879e-10
1.88817470542e-10
1.83930008311e-10
1.86812884321e-10
1.82134285781e-10
1.96716476563e-10
1.91653916889e-10
1.94613765832e-10
1.89772176987e-10
2.05462108843e-10
2.00213195745e-10
2.03253281217e-10
1.98240901875e-10
2.15179605281e-10
2.09730154037e-10
2.12850966381e-10
2.07652361128e-10
2.26022765758e-10
2.20347549023e-10
2.23539655535e-10
2.18123137996e-10
2.38407160937e-10
2.32444349629e-10
2.35702814165e-10
2.29912371045e-10
2.67458225475e-10
2.60383106728e-10
2.63082947723e-10
2.56435248607e-10
2.79518076047e-10
2.7224125778e-10
2.74895822728e-10
2.67936964397e-10
2.93004911186e-10
2.85371617167e-10
2.880370305e-10
2.80755430659e-10
3.08319462213e-10
3.00300691558e-10
3.02974843383e-10
2.95341522443e-10
3.2583425413e-10
3.17385751695e-10
3.20054769748e-10
3.12030659409e-10
3.45964521815e-10
3.37029675286e-10
3.39667727747e-10
3.31196046981e-10
3.69240612589e-10
3.59728987802e-10
3.62281312318e-10
3.53265291537e-10
3.96849125827e-10
3.86593793468e-10
3.88982623229e-10
3.79143257832e-10
4.68255798723e-10
4.55304747831e-10
4.55914360081e-10
4.43674894387e-10
4.97481254019e-10
4.83620937342e-10
4.83763305105e-10
4.70571328434e-10
5.32121260327e-10
5.17089830701e-10
5.16769015732e-10
5.02515890841e-10
5.74259350726e-10
5.57846656298e-10
5.56926988844e-10
5.4140411652e-10
6.26172565361e-10
6.08059166555e-10
6.06327198426e-10
5.89238334422e-10
6.90930892995e-10
6.70672110788e-10
6.67800770158e-10
6.48710455959e-10
7.73053827461e-10
7.49964193005e-10
7.45419101218e-10
7.236462041e-10
8.81368880031e-10
8.54306350463e-10
8.47219926963e-10
8.21516602471e-10
1.20044413445e-09
1.16036755926e-09
1.14286873271e-09
1.10452598852e-09
1.35819404868e-09
1.31053708068e-09
1.28740476303e-09
1.24187547209e-09
1.59138429975e-09
1.53295561019e-09
1.50179920249e-09
1.44609502538e-09
1.960870136e-09
1.88570876082e-09
1.84148986432e-09
1.76970099264e-09
2.59754349078e-09
2.49351381185e-09
2.42588418784e-09
2.32606648343e-09
3.85729718824e-09
3.69590136491e-09
3.58006186645e-09
3.42380051649e-09
7.10140593459e-09
6.79258846595e-09
6.54915280874e-09
6.24600994125e-09
2.35819249479e-08
2.25418879241e-08
2.16508834076e-08
2.06095998154e-08
8.9172961816e-07
8.57346223846e-07
8.26715278769e-07
7.90981972137e-07
7.7023141466e-07
7.33378606672e-07
7.01106476724e-07
6.6424114891e-07
6.35484673486e-07
5.99137278622e-07
5.68174726358e-07
5.32955555915e-07
5.04808652582e-07
4.71060382711e-07
4.43241515624e-07
4.11465293714e-07
3.86838508042e-07
3.57545822856e-07
3.34999770049e-07
3.08813930806e-07
2.90255350483e-07
2.67589568781e-07
2.52284463051e-07
2.33442542673e-07
2.22527244474e-07
2.0761031563e-07
2.00449914153e-07
1.89690558953e-07
1.87227421804e-07
1.80828237315e-07
1.82717416681e-07
1.80937872954e-07
1.88130687613e-07
1.91029448118e-07
2.02484404506e-07
2.09816240539e-07
2.25895225026e-07
2.37239247297e-07
2.57155596874e-07
2.72194684436e-07
2.9592010079e-07
3.14380095609e-07
3.41446701378e-07
3.6305567694e-07
3.93457301831e-07
4.1781632714e-07
4.50766168589e-07
4.77263825377e-07
5.12266224799e-07
5.40124016396e-07
5.76256161899e-07
6.04829346131e-07
6.41813089353e-07
6.70683524897e-07
7.07956056561e-07
7.36812711241e-07
7.74156443549e-07
8.02454894794e-07
8.39130876435e-07
8.66141225154e-07
9.01453098826e-07
9.26350110193e-07
9.59404089856e-07
9.81578037222e-07
1.01214287181e-06
1.03126235719e-06
1.05894170699e-06
1.07498570792e-06
1.09990697362e-06
1.11269689154e-06
1.13450176468e-06
1.1437932035e-06
1.16230729073e-06
1.16773610805e-06
1.18269052672e-06
1.18428090195e-06
1.19606899339e-06
1.19430768549e-06
1.20341522382e-06
1.1990405515e-06
1.2062650402e-06
1.19979497645e-06
1.20542774385e-06
1.19704542538e-06
1.20127628667e-06
1.19100873663e-06
1.19387663434e-06
1.18207559073e-06
1.18420949498e-06
1.1715896241e-06
1.1738881234e-06
1.16142359282e-06
1.16482017863e-06
1.15317803792e-06
1.15808626492e-06
1.14750213449e-06
1.15409614218e-06
1.14460354811e-06
1.15283906187e-06
1.14467752831e-06
1.15517679313e-06
1.14912225333e-06
1.16265590668e-06
1.15941090467e-06
1.17670344598e-06
1.17664481553e-06
1.19757036308e-06
1.20028123123e-06
1.2241787706e-06
1.22872392013e-06
1.25477432157e-06
1.26053613288e-06
1.28846340822e-06
1.29544726885e-06
1.32534455183e-06
1.33363952285e-06
1.36560201133e-06
1.37495257515e-06
1.40834398621e-06
1.41784196638e-06
1.45153371554e-06
1.45999354635e-06
1.49301979076e-06
1.4997619419e-06
1.53191786095e-06
1.53712716824e-06
1.56892301052e-06
1.5731886755e-06
1.60505904067e-06
1.60835792783e-06
1.63990735686e-06
1.64151019723e-06
1.67166207874e-06
1.67037807035e-06
1.69831388824e-06
1.69370386759e-06
1.71951638768e-06
1.71226665625e-06
1.73708083265e-06
1.72848716329e-06
1.75355947637e-06
1.74453371137e-06
1.770401079e-06
1.76100654303e-06
1.78759012552e-06
1.77771072206e-06
1.80520009685e-06
1.79569502068e-06
1.82559588231e-06
1.81850241327e-06
1.85331492284e-06
1.85112408927e-06
1.89316081826e-06
1.89750840556e-06
1.94755475198e-06
1.95844620319e-06
2.01602213144e-06
2.03264989032e-06
2.09706481158e-06
2.11917003778e-06
2.19082594231e-06
2.21928456737e-06
2.29940016171e-06
2.33533180999e-06
2.42464664054e-06
2.46797111741e-06
2.56532427477e-06
2.61391250439e-06
2.71665516657e-06
2.76740722694e-06
2.8724468499e-06
2.92288646689e-06
3.02853676009e-06
3.07731380036e-06
3.18259023652e-06
3.22856828267e-06
3.33166251514e-06
3.37184121218e-06
3.46838012387e-06
3.49716729488e-06
3.58075004411e-06
3.59116205216e-06
3.65509469107e-06
3.64119455979e-06
3.68063240477e-06
3.63856331218e-06
3.65042517294e-06
3.57734438e-06
3.55855204292e-06
3.45062559858e-06
3.39656086682e-06
3.24818333195e-06
3.15300039333e-06
2.95866380825e-06
2.81777913033e-06
2.57444338991e-06
2.38675305617e-06
2.09497842379e-06
1.86250700297e-06
1.52507424131e-06
1.25056641068e-06
8.6944598724e-07
5.54176996993e-07
1.29786661602e-07
-2.26084583031e-07
-6.93179390509e-07
-1.08769827579e-06
-1.59346141497e-06
-2.02003853577e-06
-2.55563324163e-06
-3.00339424029e-06
-3.55684917069e-06
-4.01347681958e-06
-4.57293637937e-06
-5.02732492938e-06
-5.58250102881e-06
-6.02435176928e-06
-6.56446710115e-06
-6.98141132968e-06
-7.4918080936e-06
-7.86673717328e-06
-8.32806430976e-06
-8.63987174234e-06
-9.03083928438e-06
-9.2589273807e-06
-9.56075074106e-06
-9.68857090072e-06
-9.88716190467e-06
-9.90236600384e-06
-9.98617550822e-06
-9.87682309717e-06
-9.83293306436e-06
-9.58447580824e-06
-9.39703959868e-06
-8.99294444971e-06
-8.64630688312e-06
-8.07287059898e-06
-7.55675440302e-06
-6.8074417797e-06
-6.11899649014e-06
-5.19407113155e-06
-4.33576364619e-06
-3.23813276121e-06
-2.21272387867e-06
-9.4444991681e-07
2.46236695525e-07
1.68288540535e-06
3.03413078684e-06
4.63071658448e-06
6.12890423213e-06
7.86596265475e-06
9.48593789725e-06
1.13339435899e-05
1.30428454849e-05
1.49676867928e-05
1.67316045395e-05
1.87007258775e-05
2.04878690578e-05
2.24697275801e-05
2.42472478817e-05
2.62062937468e-05
2.79342778527e-05
2.98260982011e-05
3.14558021849e-05
3.32288621016e-05
3.4707786436e-05
3.63112378708e-05
3.75913878123e-05
3.89814016748e-05
4.00228360241e-05
4.11625153328e-05
4.19291398638e-05
4.27817997212e-05
4.32341420505e-05
4.37572782383e-05
4.38502146196e-05
4.39979676568e-05
4.36870083898e-05
4.34194773259e-05
4.26712576776e-05
4.19632750655e-05
4.07604424417e-05
3.96018197339e-05
3.79388461977e-05
3.63270289801e-05
3.42018738904e-05
3.21349316108e-05
2.95460222454e-05
2.70250458469e-05
2.39781589578e-05
2.10169579377e-05
1.7535820348e-05
1.41696214924e-05
1.0299958317e-05
6.58349203203e-06
2.38539123846e-06
-1.61852131934e-06
-6.08275257846e-06
-1.03134073619e-05
-1.49849316888e-05
-1.93827903994e-05
-2.41992075733e-05
-2.8695060445e-05
-3.35784248253e-05
-3.80838013261e-05
-4.29362091792e-05
-4.7345548382e-05
-5.20582530902e-05
-5.62627314144e-05
-6.07310868617e-05
-6.46315433948e-05
-6.87623646227e-05
-7.22690009984e-05
-7.5973720026e-05
-7.89950859399e-05
-8.21773912932e-05
-8.46106427544e-05
-8.71633659166e-05
-8.88996489561e-05
-9.07179639978e-05
-9.16606006045e-05
-9.26614850611e-05
-9.27426680858e-05
-9.28741958577e-05
-9.20546644152e-05
-9.12873595379e-05
-8.9541696787e-05
-8.78514189664e-05
-8.51538160697e-05
-8.25149133765e-05
-7.88419828747e-05
-7.5239404937e-05
-7.05888028502e-05
-6.60381888084e-05
-6.04445323869e-05
-5.50004434689e-05
-4.853343371e-05
-4.22765146592e-05
-3.50208341048e-05
-2.80362864025e-05
-2.00740023358e-05
-1.24429892262e-05
-3.85653138421e-06
4.32962163224e-06
1.3435247268e-05
2.20514089919e-05
3.15298974854e-05
4.04083107261e-05
5.0077023357e-05
5.90255808696e-05
6.86926898092e-05
7.75251020309e-05
8.70155608013e-05
9.55665021172e-05
0.000104723349605
0.000112836161588
0.000121498528444
0.000129000529316
0.000136983782925
0.000143678333073
0.000150781657712
0.000156470320071
0.000162509621381
0.000167027803054
0.000171864748814
0.000175097368431
0.00017863758748
0.000180499874632
0.000182661785874
0.000183065169916
0.000183752186207
0.000182590805768
0.000181697919032
0.000178874824573
0.000176327920068
0.000171798358735
0.00016759131148
0.00016138374984
0.000155577305735
0.00014777121603
0.000140455818975
0.000131139326839
0.000122399786617
0.000111651154178
0.000101570983412
8.9485809841e-05
7.81901085462e-05
6.49282885026e-05
5.26211950271e-05
3.84237002828e-05
2.53781604262e-05
1.05293245674e-05
-2.96945710198e-06
-1.82036448134e-05
-3.19114063201e-05
-4.73142777707e-05
-6.10274567599e-05
-7.64013013649e-05
-8.99048976834e-05
-0.000105011127245
-0.000118028444124
-0.000132561632305
-0.000144761581804
-0.000158390557955
-0.000169453218975
-0.000181894665359
-0.000191573811935
-0.000202627995341
-0.00021075000137
-0.000220261914997
-0.000226659907356
-0.00023444516241
-0.000238897526374
-0.00024471280131
-0.000246957483803
-0.000250558625234
-0.000250382725863
-0.000251624935253
-0.000248950464147
-0.000247837550846
-0.000242720002917
-0.000239350994883
-0.000231886726624
-0.000226347880582
-0.000216579490655
-0.00020888914766
-0.00019680516345
-0.000186970563107
-0.000172605856127
-0.000160740386374
-0.000144277243906
-0.000130656069869
-0.000112415451989
-9.74004354676e-05
-7.77163671478e-05
-6.16113889652e-05
-4.07051259695e-05
-2.36852105519e-05
-1.67113536974e-06
1.61314930663e-05
3.90977741896e-05
5.74198911527e-05
8.09890327217e-05
9.93466948792e-05
0.000122977705567
0.000140766183889
0.000163905115391
0.000180613140605
0.000202890157989
0.000218227119771
0.000239479623955
0.000253284046944
0.000273373680474
0.000285385931123
0.000303991849591
0.000313728613086
0.000330349542122
0.000337242937759
0.00035145034596
0.000355153665511
0.000366875045456
0.000367441376025
0.000376979623877
0.000374698197279
0.000382417860431
0.000377415381563
0.000383363209678
0.000375338979016
0.000379181116549
0.000367570002909
0.000368964200887
0.000353424114723
0.00035251405473
0.000333279101565
0.000330815939117
0.000308513472749
0.000305413678044
0.000280434493332
0.000277149693755
0.000249157285655
0.000245521976009
0.000213673067537
0.000209549275666
0.000173373167138
0.000169648599842
0.000129805328688
0.000128806226295
8.68329613252e-05
9.15690002887e-05
4.84942212894e-05
6.12122346346e-05
1.60149457791e-05
3.74466641645e-05
-1.32417966722e-05
1.72903677233e-05
-4.31321168993e-05
-4.33771366616e-07
-7.36490009649e-05
-9.6328743836e-06
-9.73737740372e-05
5.59575683447e-06
-0.00010133440702
6.96468304564e-05
-7.4650482459e-05
0.000218234907645
-1.76944233794e-05
0.000542271067675
5.37274658762e-05
0.00154404802
0.000113289862261
0.013247448701
0.61254363693
0.013247448701
0.000113289862262
0.00154404802
5.37274658752e-05
0.000542271067676
-1.76944233791e-05
0.000218234907644
-7.46504824591e-05
6.9646830457e-05
-0.000101334407021
5.59575683431e-06
-9.7373774036e-05
-9.63287438433e-06
-7.36490009652e-05
-4.33771365792e-07
-4.31321169002e-05
1.72903677228e-05
-1.3241796671e-05
3.74466641646e-05
1.60149457782e-05
6.12122346353e-05
4.84942212893e-05
9.15690002873e-05
8.68329613265e-05
0.000128806226295
0.000129805328687
0.000169648599842
0.000173373167139
0.000209549275665
0.000213673067537
0.000245521976011
0.000249157285655
0.000277149693755
0.000280434493334
0.000305413678042
0.000308513472748
0.00033081593912
0.000333279101565
0.000352514054728
0.000353424114724
0.000368964200886
0.000367570002906
0.000379181116552
0.000375338979019
0.000383363209674
0.000377415381565
0.000382417860431
0.00037469819727
0.000376979623881
0.000367441376042
0.000366875045442
0.000355153665512
0.000351450345947
0.000337242937775
0.000330349542126
0.000313728613076
0.000303991849591
0.000285385931124
0.000273373680471
0.000253284046946
0.000239479623958
0.000218227119769
0.000202890157987
0.000180613140607
0.00016390511539
0.000140766183889
0.000122977705569
9.93466948783e-05
8.098903272e-05
5.74198911527e-05
3.9097774189e-05
1.61314930658e-05
-1.67113536784e-06
-2.3685210551e-05
-4.07051259707e-05
-6.1611388965e-05
-7.7716367148e-05
-9.74004354682e-05
-0.000112415451987
-0.000130656069868
-0.000144277243906
-0.000160740386375
-0.000172605856128
-0.000186970563108
-0.00019680516345
-0.000208889147658
-0.000216579490655
-0.000226347880582
-0.000231886726624
-0.000239350994884
-0.000242720002917
-0.000247837550845
-0.000248950464146
-0.000251624935254
-0.000250382725865
-0.000250558625236
-0.000246957483805
-0.000244712801308
-0.00023889752637
-0.000234445162406
-0.000226659907354
-0.000220261915
-0.000210750001378
-0.00020262799533
-0.000191573811942
-0.000181894665363
-0.000169453218974
-0.00015839055795
-0.000144761581801
-0.000132561632304
-0.000118028444125
-0.000105011127248
-8.99048976854e-05
-7.64013013647e-05
-6.10274567595e-05
-4.73142777701e-05
-3.19114063201e-05
-1.82036448139e-05
-2.96945710253e-06
1.05293245678e-05
2.53781604274e-05
3.84237002837e-05
5.26211950276e-05
6.4928288502e-05
7.8190108545e-05
8.94858098406e-05
0.000101570983412
0.000111651154178
0.000122399786617
0.000131139326838
0.000140455818975
0.00014777121603
0.000155577305735
0.00016138374984
0.000167591311481
0.000171798358735
0.000176327920067
0.000178874824572
0.000181697919031
0.000182590805768
0.000183752186207
0.000183065169916
0.000182661785873
0.000180499874631
0.00017863758748
0.000175097368431
0.000171864748816
0.000167027803056
0.00016250962138
0.000156470320072
0.000150781657712
0.00014367833307
0.000136983782926
0.000129000529321
0.00012149852844
0.000112836161588
0.0001047233496
9.55665021231e-05
8.70155608028e-05
7.75251020278e-05
6.86926898098e-05
5.90255808696e-05
5.00770233559e-05
4.04083107269e-05
3.15298974863e-05
2.20514089907e-05
1.34352472673e-05
4.32962163279e-06
-3.85653138523e-06
-1.24429892262e-05
-2.00740023345e-05
-2.80362864024e-05
-3.50208341047e-05
-4.22765146588e-05
-4.85334337103e-05
-5.50004434693e-05
-6.04445323863e-05
-6.60381888083e-05
-7.05888028509e-05
-7.52394049369e-05
-7.88419828751e-05
-8.25149133769e-05
-8.5153816069e-05
-8.7851418966e-05
-8.95416967869e-05
-9.12873595376e-05
-9.20546644151e-05
-9.28741958584e-05
-9.2742668086e-05
-9.2661485061e-05
-9.16606006054e-05
-9.07179639981e-05
-8.88996489564e-05
-8.71633659175e-05
-8.46106427544e-05
-8.21773912924e-05
-7.89950859391e-05
-7.59737200255e-05
-7.22690009972e-05
-6.87623646219e-05
-6.46315433947e-05
-6.07310868606e-05
-5.62627314148e-05
-5.20582530911e-05
-4.73455483833e-05
-4.29362091813e-05
-3.80838013285e-05
-3.35784248174e-05
-2.86950604469e-05
-2.41992075755e-05
-1.93827904007e-05
-1.49849316897e-05
-1.03134073623e-05
-6.08275257837e-06
-1.61852131804e-06
2.38539123917e-06
6.58349203302e-06
1.02999583183e-05
1.41696214925e-05
1.75358203483e-05
2.1016957938e-05
2.39781589577e-05
2.70250458463e-05
2.95460222447e-05
3.21349316101e-05
3.42018738897e-05
3.63270289803e-05
3.79388461977e-05
3.96018197339e-05
4.0760442442e-05
4.19632750654e-05
4.26712576777e-05
4.34194773262e-05
4.36870083898e-05
4.39979676566e-05
4.38502146196e-05
4.37572782381e-05
4.32341420499e-05
4.27817997215e-05
4.19291398642e-05
4.11625153328e-05
4.00228360246e-05
3.89814016748e-05
3.75913878121e-05
3.63112378711e-05
3.47077864365e-05
3.32288621016e-05
3.14558021846e-05
2.98260982011e-05
2.79342778518e-05
2.62062937468e-05
2.42472478822e-05
2.24697275794e-05
2.04878690582e-05
1.87007258774e-05
1.67316045383e-05
1.49676867933e-05
1.30428454878e-05
1.13339435879e-05
9.48593789733e-06
7.86596265232e-06
6.12890423521e-06
4.63071658486e-06
3.03413078485e-06
1.68288540591e-06
2.46236695598e-07
-9.4444991706e-07
-2.21272387798e-06
-3.2381327607e-06
-4.33576364678e-06
-5.19407113164e-06
-6.11899648949e-06
-6.80744178023e-06
-7.55675440311e-06
-8.07287059873e-06
-8.64630688377e-06
-8.99294444996e-06
-9.39703959866e-06
-9.58447580841e-06
-9.83293306434e-06
-9.87682309665e-06
-9.98617550807e-06
-9.90236600405e-06
-9.88716190433e-06
-9.68857090087e-06
-9.56075074121e-06
-9.25892738043e-06
-9.03083928473e-06
-8.63987174266e-06
-8.32806430972e-06
-7.86673717326e-06
-7.4918080938e-06
-6.98141132935e-06
-6.56446710063e-06
-6.02435176937e-06
-5.58250102834e-06
-5.02732492927e-06
-4.57293637991e-06
-4.01347681948e-06
-3.55684917044e-06
-3.00339424029e-06
-2.55563324209e-06
-2.02003853596e-06
-1.59346141556e-06
-1.08769827646e-06
-6.93179389577e-07
-2.26084582517e-07
1.29786662682e-07
5.5417699762e-07
8.69445986231e-07
1.25056640839e-06
1.5250742445e-06
1.86250700053e-06
2.09497842247e-06
2.38675305678e-06
2.57444339112e-06
2.81777913153e-06
2.95866380853e-06
3.15300039325e-06
3.24818333099e-06
3.3965608665e-06
3.45062559899e-06
3.55855204284e-06
3.57734438018e-06
3.65042517281e-06
3.6385633118e-06
3.68063240463e-06
3.64119455993e-06
3.65509469139e-06
3.59116205236e-06
3.58075004435e-06
3.49716729441e-06
3.46838012336e-06
3.37184121223e-06
3.33166251499e-06
3.22856828287e-06
3.18259023668e-06
3.07731379999e-06
3.02853675972e-06
2.92288646701e-06
2.87244685015e-06
2.76740722694e-06
2.7166551671e-06
2.61391250454e-06
2.56532427438e-06
2.46797111766e-06
2.42464664056e-06
2.33533180993e-06
2.29940016204e-06
2.21928456762e-06
2.1908259419e-06
2.11917003732e-06
2.09706481176e-06
2.03264989004e-06
2.01602213191e-06
1.95844620383e-06
1.94755475136e-06
1.89750840579e-06
1.89316081808e-06
1.85112408855e-06
1.85331492309e-06
1.81850241503e-06
1.82559588087e-06
1.79569502052e-06
1.80520009541e-06
1.77771072414e-06
1.78759012595e-06
1.76100654194e-06
1.77040107935e-06
1.74453371117e-06
1.75355947623e-06
1.72848716378e-06
1.73708083296e-06
1.7122666559e-06
1.71951638741e-06
1.69370386769e-06
1.69831388773e-06
1.6703780704e-06
1.67166207913e-06
1.64151019714e-06
1.63990735693e-06
1.60835792767e-06
1.60505904036e-06
1.57318867538e-06
1.56892301069e-06
1.53712716823e-06
1.53191786066e-06
1.49976194184e-06
1.49301979041e-06
1.45999354635e-06
1.45153371596e-06
1.41784196643e-06
1.40834398641e-06
1.37495257537e-06
1.36560201135e-06
1.33363952279e-06
1.3253445521e-06
1.2954472692e-06
1.28846340819e-06
1.26053613327e-06
1.25477432159e-06
1.22872391983e-06
1.22417877091e-06
1.20028123151e-06
1.19757036324e-06
1.17664481532e-06
1.17670344596e-06
1.15941090445e-06
1.16265590625e-06
1.14912225363e-06
1.15517679249e-06
1.14467752798e-06
1.15283906146e-06
1.14460354743e-06
1.15409614178e-06
1.14750213802e-06
1.15808626458e-06
1.15317803748e-06
1.16482017838e-06
1.16142359225e-06
1.17388812311e-06
1.17158962377e-06
1.18420949498e-06
1.18207559035e-06
1.19387663423e-06
1.19100873664e-06
1.20127628632e-06
1.19704542558e-06
1.2054277441e-06
1.19979497671e-06
1.20626504048e-06
1.19904055153e-06
1.20341522387e-06
1.19430768568e-06
1.19606899387e-06
1.1842809021e-06
1.18269052682e-06
1.1677361082e-06
1.16230729044e-06
1.14379320359e-06
1.13450176489e-06
1.11269689149e-06
1.09990697364e-06
1.07498570801e-06
1.05894170684e-06
1.03126235681e-06
1.01214287197e-06
9.81578037227e-07
9.59404089566e-07
9.26350110275e-07
9.01453098448e-07
8.66141224736e-07
8.39130876528e-07
8.02454895074e-07
7.74156443569e-07
7.36812711181e-07
7.07956056761e-07
6.70683524547e-07
6.41813089551e-07
6.0482934651e-07
5.76256161459e-07
5.40124016744e-07
5.12266224654e-07
4.77263824882e-07
4.50766168763e-07
4.17816328359e-07
3.93457301061e-07
3.63055676996e-07
3.41446700499e-07
3.14380096757e-07
2.95920100903e-07
2.7219468368e-07
2.57155597087e-07
2.37239247112e-07
2.25895224895e-07
2.09816240609e-07
2.0248440451e-07
1.91029447964e-07
1.8813068764e-07
1.80937873346e-07
1.82717416629e-07
1.80828237375e-07
1.87227421924e-07
1.89690558839e-07
2.00449914236e-07
2.07610315569e-07
2.22527244421e-07
2.33442542662e-07
2.52284463092e-07
2.67589568849e-07
2.9025535048e-07
3.08813930969e-07
3.34999770024e-07
3.57545822951e-07
3.86838508157e-07
4.11465293499e-07
4.43241515639e-07
4.71060382728e-07
5.0480865251e-07
5.32955555799e-07
5.68174726327e-07
5.9913727865e-07
6.35484673384e-07
6.6424114916e-07
7.01106476688e-07
7.33378606436e-07
7.70231414781e-07
7.90981972191e-07
8.26715278895e-07
8.573462237e-07
8.91729618078e-07
2.06095995985e-08
2.16508830557e-08
2.2541888316e-08
2.35819249911e-08
6.246010498e-09
6.54915307399e-09
6.79258806794e-09
7.10140514134e-09
3.42380177217e-09
3.58006084789e-09
3.69590092747e-09
3.85729746618e-09
2.3260668487e-09
2.42588467626e-09
2.49351377302e-09
2.59754333276e-09
1.76970057639e-09
1.84148978687e-09
1.8857089447e-09
1.96087010961e-09
1.44609517227e-09
1.50179910032e-09
1.53295555112e-09
1.59138439746e-09
1.24187550529e-09
1.28740492115e-09
1.31053719391e-09
1.35819409564e-09
1.10452576466e-09
1.14286863278e-09
1.16036766286e-09
1.20044409514e-09
8.21516858132e-10
8.47220023888e-10
8.54306142949e-10
8.81368811604e-10
7.23646266389e-10
7.45419115171e-10
7.49964074916e-10
7.73053931389e-10
6.48710309923e-10
6.67800504048e-10
6.70672243017e-10
6.90930802352e-10
5.89238306322e-10
6.06327383906e-10
6.08059261511e-10
6.26172439788e-10
5.41403967383e-10
5.56927132508e-10
5.57846540791e-10
5.74259615083e-10
5.02516138414e-10
5.16768630014e-10
5.17090084396e-10
5.3212111064e-10
4.70571060366e-10
4.83763430903e-10
4.83621580608e-10
4.97480628051e-10
4.4367487947e-10
4.55913828291e-10
4.55305518795e-10
4.6825595878e-10
3.79142762806e-10
3.88982678055e-10
3.86593658512e-10
3.96849156503e-10
3.53265450936e-10
3.62281432474e-10
3.59728896947e-10
3.69240428969e-10
3.31196122724e-10
3.39667615042e-10
3.3702971662e-10
3.45964714542e-10
3.12030726469e-10
3.20054846334e-10
3.17385666847e-10
3.2583426524e-10
2.9534156985e-10
3.02974924121e-10
3.00300789935e-10
3.08319356275e-10
2.8075534685e-10
2.88036908524e-10
2.8537167282e-10
2.93005034615e-10
2.67936927192e-10
2.74895894447e-10
2.72241215123e-10
2.79518007326e-10
2.56435195986e-10
2.630829266e-10
2.60383143112e-10
2.67458117239e-10
2.29912401583e-10
2.35702676134e-10
2.32444172471e-10
2.38407258811e-10
2.18123220091e-10
2.23539837124e-10
2.20347498095e-10
2.26022859785e-10
2.07652537743e-10
2.12850950541e-10
2.09730490917e-10
2.15179409898e-10
1.98240848655e-10
2.03253022254e-10
2.00212832726e-10
2.0546185716e-10
1.89773317443e-10
1.94613439199e-10
1.91653622521e-10
1.96716258881e-10
1.82134047871e-10
1.86812954613e-10
1.83930022514e-10
1.88817694532e-10
1.75212094208e-10
1.79735748334e-10
1.76921548517e-10
1.81641711552e-10
1.68817701548e-10
1.73190562699e-10
1.70397257482e-10
1.75088296682e-10
1.55088588154e-10
1.59064941274e-10
1.56054221413e-10
1.60125174049e-10
1.48432419246e-10
1.52176170617e-10
1.49256944607e-10
1.5317027715e-10
1.42381962534e-10
1.46003517598e-10
1.43167758809e-10
1.4695801172e-10
1.36839804352e-10
1.4035526065e-10
1.3760364428e-10
1.41282119221e-10
1.31760510379e-10
1.35175796838e-10
1.32505075825e-10
1.36076572741e-10
1.27094833329e-10
1.3041339199e-10
1.27818832803e-10
1.31287974808e-10
1.22790868783e-10
1.26015158245e-10
1.2348911116e-10
1.26859917814e-10
1.18748957712e-10
1.21883315051e-10
1.19387471155e-10
1.22788039673e-10
1.10718864634e-10
1.13642205897e-10
1.11056695756e-10
1.14049403339e-10
1.06507320855e-10
1.09265427498e-10
1.06764025613e-10
1.09653495633e-10
1.02617432357e-10
1.05294626652e-10
1.0286617445e-10
1.05675704418e-10
9.90105755261e-11
1.01616494939e-10
9.92601148862e-11
1.01995992008e-10
9.56646400906e-11
9.82025577281e-11
9.59150999342e-11
9.85800130653e-11
9.2554285152e-11
9.50261262291e-11
9.28037211363e-11
9.53998475793e-11
8.96515169438e-11
9.20585981241e-11
8.98952762271e-11
9.24256365298e-11
8.68969171576e-11
8.92441322199e-11
8.71081102701e-11
8.96918426779e-11
8.18345956954e-11
8.40584348607e-11
8.18886388503e-11
8.41769984318e-11
7.89769068218e-11
8.1077039943e-11
7.89784137284e-11
8.11917918156e-11
7.63061111796e-11
7.83470906905e-11
7.63094216659e-11
7.84655891338e-11
7.38076691325e-11
7.57969505229e-11
7.38185191243e-11
7.59217035277e-11
7.14702353421e-11
7.34097260191e-11
7.14883013125e-11
7.35400768748e-11
6.92794409477e-11
7.11703801518e-11
6.93023910528e-11
7.13044167073e-11
6.72182621135e-11
6.90614302928e-11
6.72426596938e-11
6.91979472376e-11
6.52487649149e-11
6.70497803115e-11
6.5253611255e-11
6.72708320291e-11
6.1894203464e-11
6.36179859113e-11
6.18145401597e-11
6.36045638616e-11
5.98641443039e-11
6.14929355122e-11
5.9748414144e-11
6.14812607386e-11
5.79494356211e-11
5.95333841696e-11
5.78389032087e-11
5.95285670135e-11
5.61468660657e-11
5.76914141685e-11
5.60453650389e-11
5.76950768207e-11
5.44501638649e-11
5.59568955531e-11
5.43571428063e-11
5.5968243953e-11
5.28503383411e-11
5.43202221931e-11
5.27644916475e-11
5.43380997943e-11
5.13367793201e-11
5.27706372944e-11
5.12552966862e-11
5.27940060912e-11
4.9884436051e-11
5.12869705055e-11
4.97901402988e-11
5.13928766346e-11
4.75839380197e-11
4.8935523816e-11
4.74437918616e-11
4.88654672441e-11
4.60974313392e-11
4.7375346476e-11
4.59322155768e-11
4.73087158261e-11
4.46854860581e-11
4.59287082767e-11
4.45265005304e-11
4.58695983316e-11
4.33502566541e-11
4.45628609835e-11
4.32002440987e-11
4.45126135736e-11
4.20878825839e-11
4.32715145745e-11
4.19464629006e-11
4.32291835793e-11
4.08931267239e-11
4.20481892939e-11
4.07590998243e-11
4.20130363106e-11
3.97585971926e-11
4.08859490087e-11
3.96299670523e-11
4.08577361525e-11
3.86673295048e-11
3.97712691467e-11
3.8530222811e-11
3.98206102477e-11
3.70525792832e-11
3.81213939323e-11
3.68911156167e-11
3.80336912162e-11
3.59435483529e-11
3.69554524791e-11
3.5764746415e-11
3.68715634209e-11
3.48849111365e-11
3.58696609777e-11
3.47123893064e-11
3.57932280342e-11
3.38807193653e-11
3.48418307488e-11
3.37166975036e-11
3.47735996625e-11
3.29290523382e-11
3.38675825441e-11
3.27731968434e-11
3.38072089115e-11
3.2026216181e-11
3.29428419949e-11
3.18777454293e-11
3.28897026812e-11
3.11674428209e-11
3.20627853182e-11
3.10248320012e-11
3.20169242276e-11
3.03409077304e-11
3.12188054126e-11
3.01926870557e-11
3.12447198347e-11
2.91920954833e-11
3.0044855967e-11
2.90313471162e-11
2.99611855335e-11
2.83578644725e-11
2.91670757998e-11
2.8185662443e-11
2.90869503198e-11
2.75591072088e-11
2.834731572e-11
2.73931591145e-11
2.82743109392e-11
2.6800560922e-11
2.75706671546e-11
2.66424891202e-11
2.75053439194e-11
2.6081129685e-11
2.68340737405e-11
2.59308135027e-11
2.6776232692e-11
2.53985257993e-11
2.6134803287e-11
2.52553123554e-11
2.60840622774e-11
2.47493862597e-11
2.54697008302e-11
2.46120296201e-11
2.54263445417e-11
2.41254541126e-11
2.48330431068e-11
2.39846486288e-11
2.48556420969e-11
2.33050925588e-11
2.39947691933e-11
2.31588486708e-11
2.39277636195e-11
2.26801075736e-11
2.33365006317e-11
2.25264008109e-11
2.32727351705e-11
2.20807183983e-11
2.27213075774e-11
2.19330265003e-11
2.2664286676e-11
2.15120725784e-11
2.21391179791e-11
2.13717784973e-11
2.20893767905e-11
2.09736829094e-11
2.15881600774e-11
2.08407283971e-11
2.15455201951e-11
2.04640600631e-11
2.10663121053e-11
2.03379546183e-11
2.10307831513e-11
1.99808279619e-11
2.05716747973e-11
1.98605507125e-11
2.05434610167e-11
1.95183418795e-11
2.01003976968e-11
1.93961456177e-11
2.01330554433e-11
1.89390207527e-11
1.95083630121e-11
1.88151931582e-11
1.94661673597e-11
1.84794550354e-11
1.90239554729e-11
1.83512174641e-11
1.89846823544e-11
1.80392104898e-11
1.85723401571e-11
1.79168785469e-11
1.85395828821e-11
1.76233473271e-11
1.81470564456e-11
1.75079349864e-11
1.81213334848e-11
1.72318053636e-11
1.77468385102e-11
1.71233337525e-11
1.77281242443e-11
1.68636239057e-11
1.73704465028e-11
1.67617705238e-11
1.73586850172e-11
1.65172479058e-11
1.70164051301e-11
1.64211335168e-11
1.70121882466e-11
1.61884959956e-11
1.66824584105e-11
1.60916583537e-11
1.67352237545e-11
1.57934499715e-11
1.62788897408e-11
1.5697245887e-11
1.62674138835e-11
1.54703493784e-11
1.59377708009e-11
1.53717665132e-11
1.59289765169e-11
1.51623712373e-11
1.56222313294e-11
1.50694603515e-11
1.56200243161e-11
1.48744207332e-11
1.53286317379e-11
1.4788190258e-11
1.53333312596e-11
1.46068876871e-11
1.50559828168e-11
1.45273512754e-11
1.5067772296e-11
1.43592042293e-11
1.48036283504e-11
1.42860283689e-11
1.48225408568e-11
1.41302290771e-11
1.45705375715e-11
1.40627882427e-11
1.45972791601e-11
1.39170405961e-11
1.43553611698e-11
1.38496925022e-11
1.44370129615e-11
1.36701186368e-11
1.4103529466e-11
1.36044257583e-11
1.41279492958e-11
1.34643062737e-11
1.38853092726e-11
1.3397816028e-11
1.39124465541e-11
1.32708566491e-11
1.36879199032e-11
1.3209948503e-11
1.37217147766e-11
1.30947711404e-11
1.3509438562e-11
1.30402240485e-11
1.35504288394e-11
1.29365634413e-11
1.33494463462e-11
1.288841372e-11
1.33978198362e-11
1.27960046215e-11
1.3207455132e-11
1.27540775001e-11
1.32633586714e-11
1.26722737276e-11
1.30829258574e-11
1.26360387228e-11
1.31472020196e-11
1.25633615707e-11
1.29750988411e-11
1.2527702823e-11
1.30945269711e-11
1.24425190142e-11
1.28526470732e-11
1.24090733503e-11
1.29186110476e-11
1.23424306485e-11
1.27447738477e-11
1.23090627421e-11
1.28134674791e-11
1.22527812357e-11
1.26544720627e-11
1.22248246783e-11
1.27303024566e-11
1.21788618906e-11
1.25813466795e-11
1.21570709947e-11
1.2664890127e-11
1.21214640772e-11
1.25252987648e-11
1.21058911549e-11
1.26168260895e-11
1.20805063629e-11
1.24861348535e-11
1.2071020266e-11
1.25859637114e-11
1.205558069e-11
1.24635272957e-11
1.20517044566e-11
1.25726711206e-11
1.20452162031e-11
1.2457350364e-11
1.20420934117e-11
1.26246855323e-11
